6000 10 896
6000 10 3084
6000 10 5022
6000 10 6270
6000 10 6709
6000 10 7168
6000 10 7632
6000 10 8124
6000 10 8134
6000 10 8276
6005 1 1159
6003 1 1159
6006 68 1159
6006 68 1498
6006 68 2433
6006 68 2440
6006 68 2535
6006 68 2620
6006 68 3631
6006 68 3962
6006 68 4037
6006 68 4483
6006 68 4709
6006 68 4712
6006 68 4748
6006 68 4983
6006 68 5020
6006 68 5022
6006 68 5079
6006 68 5254
6006 68 5404
6006 68 5596
6006 68 5684
6006 68 5714
6006 68 5776
6006 68 5799
6006 68 5804
6006 68 5812
6006 68 5932
6006 68 6156
6006 68 6272
6006 68 6320
6006 68 6323
6006 68 6327
6006 68 6334
6006 68 6437
6006 68 6441
6006 68 6458
6006 68 6481
6006 68 6496
6006 68 6505
6006 68 6576
6006 68 6613
6006 68 6634
6006 68 6641
6006 68 6700
6006 68 6783
6006 68 6907
6006 68 6914
6006 68 6918
6006 68 6945
6006 68 7052
6006 68 7092
6006 68 7108
6006 68 7233
6006 68 7279
6006 68 7280
6006 68 7341
6006 68 7422
6006 68 7443
6006 68 7478
6006 68 7510
6006 68 7553
6006 68 7699
6006 68 7803
6006 68 7810
6006 68 7979
6006 68 7992
6006 68 8209
6006 68 8224
6004 6 1159
6004 6 2940
6004 6 5233
6004 6 5484
6004 6 5529
6004 6 6832
6007 6 1159
6007 6 3498
6007 6 5103
6007 6 6080
6007 6 6094
6007 6 6496
6013 3 4175
6013 3 6496
6013 3 7890
6014 1 4175
6015 3 4175
6015 3 6496
6015 3 7890
6016 10 3238
6016 10 4071
6016 10 4175
6016 10 6496
6016 10 6780
6016 10 6914
6016 10 7092
6016 10 7833
6016 10 8134
6016 10 8174
6017 2 2774
6017 2 4175
6018 1 4175
6019 1 4175
6020 25 15
6020 25 3015
6020 25 3498
6020 25 3873
6020 25 4310
6020 25 4435
6020 25 4940
6020 25 5079
6020 25 5178
6020 25 5262
6020 25 5529
6020 25 5545
6020 25 5624
6020 25 5671
6020 25 6021
6020 25 6166
6020 25 6226
6020 25 6255
6020 25 6980
6020 25 7052
6020 25 7092
6020 25 7277
6020 25 7280
6020 25 7443
6020 25 7763
6024 17 15
6024 17 2160
6024 17 2433
6024 17 2658
6024 17 3334
6024 17 3459
6024 17 3634
6024 17 4037
6024 17 4712
6024 17 5335
6024 17 5902
6024 17 5936
6024 17 6218
6024 17 6251
6024 17 6337
6024 17 7131
6024 17 8295
6022 1 5936
6023 30 1972
6023 30 3479
6023 30 4715
6023 30 4786
6023 30 4994
6023 30 5233
6023 30 5263
6023 30 5415
6023 30 5439
6023 30 5479
6023 30 5638
6023 30 5799
6023 30 5814
6023 30 5936
6023 30 6006
6023 30 6161
6023 30 6218
6023 30 6261
6023 30 6327
6023 30 6407
6023 30 6417
6023 30 6432
6023 30 6435
6023 30 6437
6023 30 6441
6023 30 6462
6023 30 6474
6023 30 6481
6023 30 6511
6023 30 6528
6002 1 6025
6026 3 2765
6026 3 3334
6026 3 6682
6028 1 3643
6030 1 4041
6031 2 4041
6031 2 4875
6032 80 1403
6032 80 1549
6032 80 1982
6032 80 2565
6032 80 2658
6032 80 2851
6032 80 3726
6032 80 4037
6032 80 4041
6032 80 4071
6032 80 4361
6032 80 4432
6032 80 4709
6032 80 4764
6032 80 4944
6032 80 4981
6032 80 5002
6032 80 5148
6032 80 5199
6032 80 5210
6032 80 5246
6032 80 5529
6032 80 5543
6032 80 5563
6032 80 5739
6032 80 5800
6032 80 5806
6032 80 6006
6032 80 6097
6032 80 6123
6032 80 6243
6032 80 6327
6032 80 6328
6032 80 6347
6032 80 6414
6032 80 6442
6032 80 6529
6032 80 6555
6032 80 6618
6032 80 6634
6032 80 6665
6032 80 6700
6032 80 6736
6032 80 6765
6032 80 6769
6032 80 6774
6032 80 6784
6032 80 6832
6032 80 6875
6032 80 6901
6032 80 6913
6032 80 6918
6032 80 6930
6032 80 6946
6032 80 6955
6032 80 6980
6032 80 7050
6032 80 7063
6032 80 7092
6032 80 7116
6032 80 7131
6032 80 7201
6032 80 7233
6032 80 7238
6032 80 7280
6032 80 7295
6032 80 7351
6032 80 7386
6032 80 7397
6032 80 7400
6032 80 7544
6032 80 7553
6032 80 7618
6032 80 7833
6032 80 7839
6032 80 7908
6032 80 7921
6032 80 8042
6032 80 8121
6032 80 8192
6033 1 4041
6034 1 4041
6036 1 4041
6037 1 4041
6035 1 4041
6029 2 7699
6029 2 7890
6038 6 2440
6038 6 4748
6038 6 5188
6038 6 5829
6038 6 6029
6038 6 6634
6039 1 6029
6042 1 2276
6043 39 2276
6043 39 2658
6043 39 3015
6043 39 3084
6043 39 3310
6043 39 3498
6043 39 3962
6043 39 4310
6043 39 4341
6043 39 4781
6043 39 4828
6043 39 4981
6043 39 5103
6043 39 5121
6043 39 5210
6043 39 5262
6043 39 5437
6043 39 5524
6043 39 5543
6043 39 5545
6043 39 5624
6043 39 6124
6043 39 6148
6043 39 6523
6043 39 6560
6043 39 7092
6043 39 7280
6043 39 7400
6043 39 7443
6043 39 7544
6043 39 7694
6043 39 7726
6043 39 7757
6043 39 7788
6043 39 7795
6043 39 7839
6043 39 7961
6043 39 8037
6043 39 8174
6044 2 4310
6044 2 5484
6045 7 3334
6045 7 4310
6045 7 5773
6045 7 6041
6045 7 6946
6045 7 7378
6045 7 7553
6046 2 4310
6046 2 6044
6047 4 4310
6047 4 4488
6047 4 4713
6047 4 5800
6048 1 4310
6049 3 4310
6049 3 5210
6049 3 5811
6050 1 4310
6051 1 4310
6052 1 4310
6053 1 4310
6056 1 6059
6057 1 6059
6058 1 6059
6060 1 5543
6061 1 5543
6062 2 5543
6062 2 6098
6063 1 5543
6064 4 3919
6064 4 5543
6064 4 6780
6064 4 7517
6066 1 5524
6070 3 4828
6070 3 5524
6070 3 6098
6071 3 5524
6071 3 7632
6071 3 7803
6072 54 1498
6072 54 2223
6072 54 2658
6072 54 3293
6072 54 3297
6072 54 4037
6072 54 4507
6072 54 4940
6072 54 4983
6072 54 5246
6072 54 5421
6072 54 5524
6072 54 5529
6072 54 5614
6072 54 5806
6072 54 5818
6072 54 5819
6072 54 6004
6072 54 6044
6072 54 6241
6072 54 6422
6072 54 6634
6072 54 6914
6072 54 6946
6072 54 7047
6072 54 7092
6072 54 7225
6072 54 7544
6072 54 7620
6072 54 7707
6072 54 7778
6072 54 7833
6072 54 7890
6072 54 7908
6072 54 7910
6072 54 7924
6072 54 7927
6072 54 7946
6072 54 7979
6072 54 7992
6072 54 8002
6072 54 8037
6072 54 8042
6072 54 8044
6072 54 8068
6072 54 8073
6072 54 8083
6072 54 8122
6072 54 8128
6072 54 8141
6072 54 8163
6072 54 8168
6072 54 8212
6072 54 8224
6067 1 5524
6068 32 15
6068 32 2925
6068 32 3498
6068 32 3634
6068 32 3962
6068 32 4037
6068 32 4781
6068 32 4828
6068 32 4875
6068 32 5179
6068 32 5210
6068 32 5421
6068 32 5524
6068 32 5624
6068 32 5753
6068 32 5922
6068 32 6094
6068 32 6098
6068 32 6124
6068 32 6151
6068 32 6166
6068 32 6174
6068 32 6334
6068 32 6414
6068 32 6498
6068 32 6875
6068 32 7092
6068 32 7280
6068 32 7620
6068 32 7879
6068 32 7927
6068 32 8134
6069 5 4875
6069 5 5404
6069 5 5524
6069 5 6148
6069 5 6161
6073 1 5103
6074 1 5103
6075 18 15
6075 18 3015
6075 18 3498
6075 18 3873
6075 18 4781
6075 18 4828
6075 18 4875
6075 18 5103
6075 18 5121
6075 18 5178
6075 18 5262
6075 18 5437
6075 18 5527
6075 18 5545
6075 18 5624
6075 18 5753
6075 18 5936
6075 18 6124
6077 1 6078
6079 1 6080
6081 3 5543
6081 3 5596
6081 3 6083
6082 18 2535
6082 18 2914
6082 18 3084
6082 18 4065
6082 18 4441
6082 18 5002
6082 18 5079
6082 18 5210
6082 18 5714
6082 18 5799
6082 18 6083
6082 18 6424
6082 18 6496
6082 18 6553
6082 18 6571
6082 18 6707
6082 18 6720
6082 18 6833
6089 1 6090
6091 1 4828
6092 1 4828
6093 5 2785
6093 5 4536
6093 5 4828
6093 5 6505
6093 5 6790
6098 1 7306
6097 26 2160
6097 26 3498
6097 26 4099
6097 26 5079
6097 26 5199
6097 26 5806
6097 26 5814
6097 26 5872
6097 26 5998
6097 26 6006
6097 26 6098
6097 26 6123
6097 26 6299
6097 26 6323
6097 26 6414
6097 26 6496
6097 26 6715
6097 26 6832
6097 26 7063
6097 26 7101
6097 26 7144
6097 26 7214
6097 26 7295
6097 26 7478
6097 26 7632
6097 26 7651
6094 11 4604
6094 11 4781
6094 11 5121
6094 11 5423
6094 11 5527
6094 11 5584
6094 11 5753
6094 11 5814
6094 11 6098
6094 11 6124
6094 11 6229
6100 1 6101
6108 4 5121
6108 4 5437
6108 4 5753
6108 4 6229
6110 1 6246
6116 2 4875
6116 2 5487
6112 1 4875
6113 1 4875
6114 2 4875
6114 2 4981
6118 2 2620
6118 2 4781
6119 3 4037
6119 3 4781
6119 3 5624
6120 1 4781
6121 2 4781
6121 2 5814
6126 11 5262
6126 11 5404
6126 11 5829
6126 11 6004
6126 11 6006
6126 11 6094
6126 11 6148
6126 11 6229
6126 11 6432
6126 11 6437
6126 11 6441
6129 1 6094
6128 2 6094
6128 2 6151
6127 3 5028
6127 3 5671
6127 3 6094
6130 1 6161
6001 5 15
6001 5 5121
6001 5 5871
6001 5 6327
6001 5 6596
6133 4 5037
6133 4 5121
6133 4 5437
6133 4 5545
6134 7 5121
6134 7 5254
6134 7 5423
6134 7 5814
6134 7 6296
6134 7 6306
6134 7 6739
6135 2 5121
6135 2 6161
6141 1 6148
6142 1 6148
6143 1 6148
6144 1 6148
6145 1 6148
6146 9 2535
6146 9 3614
6146 9 5178
6146 9 5545
6146 9 5804
6146 9 6006
6146 9 6148
6146 9 6337
6146 9 6571
6147 1 6148
6151 13 3498
6151 13 4037
6151 13 5022
6151 13 5624
6151 13 6618
6151 13 6780
6151 13 6832
6151 13 7301
6151 13 7587
6151 13 7620
6151 13 7624
6151 13 7632
6151 13 8134
6150 1 6151
6152 1 5437
6153 1 5437
6155 1 5404
6158 1 5404
6156 22 15
6156 22 967
6156 22 2774
6156 22 3015
6156 22 4632
6156 22 4687
6156 22 5404
6156 22 5439
6156 22 5624
6156 22 5671
6156 22 5697
6156 22 5714
6156 22 5798
6156 22 6006
6156 22 6166
6156 22 6218
6156 22 6221
6156 22 6328
6156 22 6417
6156 22 6422
6156 22 6432
6156 22 7131
6157 3 15
6157 3 5404
6157 3 6164
6160 3 15
6160 3 4037
6160 3 6161
6165 4 4134
6165 4 6166
6165 4 6554
6165 4 6606
6168 1 5624
6169 3 3291
6169 3 5624
6169 3 6855
6170 14 4134
6170 14 5037
6170 14 5188
6170 14 5584
6170 14 5624
6170 14 5824
6170 14 5871
6170 14 6251
6170 14 6311
6170 14 6552
6170 14 6596
6170 14 6599
6170 14 6628
6170 14 6663
6174 10 2658
6174 10 3238
6174 10 3498
6174 10 3962
6174 10 4940
6174 10 5022
6174 10 5079
6174 10 5818
6174 10 6832
6174 10 7839
6175 1 3498
6176 3 3498
6176 3 5415
6176 3 5545
6177 2 3498
6177 2 6934
6178 1 15
6179 7 15
6179 7 2440
6179 7 4065
6179 7 5584
6179 7 6496
6179 7 6897
6179 7 7788
6180 3 15
6180 3 6907
6180 3 7478
6196 2 15
6196 2 2535
6197 2 15
6197 2 4980
6181 1 15
6182 3 15
6182 3 4875
6182 3 6006
6183 1 15
6184 2 15
6184 2 5822
6185 1 15
6186 1 15
6187 1 15
6188 1 15
6198 14 15
6198 14 2620
6198 14 3459
6198 14 4992
6198 14 5524
6198 14 5822
6198 14 5829
6198 14 6560
6198 14 6789
6198 14 6790
6198 14 6832
6198 14 6979
6198 14 7351
6198 14 7414
6199 1 15
6200 6 15
6200 6 4037
6200 6 5178
6200 6 5262
6200 6 5484
6200 6 6246
6201 2 15
6201 2 2535
6202 3 15
6202 3 4037
6202 3 8134
6203 1 15
6204 12 15
6204 12 1549
6204 12 5233
6204 12 5543
6204 12 5563
6204 12 5697
6204 12 5800
6204 12 5818
6204 12 6330
6204 12 6901
6204 12 6930
6204 12 8295
6190 3 15
6190 3 5254
6190 3 6833
6205 1 15
6206 1 15
6207 4 15
6207 4 2535
6207 4 4099
6207 4 4687
6191 1 15
6192 2 15
6192 2 6262
6208 3 15
6208 3 5254
6208 3 6805
6193 1 15
6212 3 4435
6212 3 5545
6212 3 7835
6213 3 5545
6213 3 5824
6213 3 6229
6214 1 5545
6215 1 5545
6216 5 4099
6216 5 5626
6216 5 6458
6216 5 6481
6216 5 7624
6217 31 1352
6217 31 2620
6217 31 3291
6217 31 3792
6217 31 3842
6217 31 3919
6217 31 4065
6217 31 4099
6217 31 4709
6217 31 4712
6217 31 5210
6217 31 5254
6217 31 5273
6217 31 5584
6217 31 5626
6217 31 6156
6217 31 6327
6217 31 6388
6217 31 6441
6217 31 6458
6217 31 6496
6217 31 6498
6217 31 6552
6217 31 6566
6217 31 6594
6217 31 6599
6217 31 6600
6217 31 6665
6217 31 6720
6217 31 6725
6217 31 6783
6218 53 840
6218 53 1026
6218 53 1982
6218 53 3334
6218 53 3459
6218 53 3962
6218 53 4037
6218 53 4401
6218 53 4536
6218 53 4712
6218 53 4795
6218 53 4798
6218 53 4940
6218 53 4981
6218 53 4994
6218 53 5022
6218 53 5079
6218 53 5210
6218 53 5254
6218 53 5605
6218 53 5626
6218 53 5798
6218 53 5799
6218 53 5806
6218 53 5807
6218 53 5811
6218 53 5814
6218 53 5897
6218 53 5902
6218 53 6006
6218 53 6032
6218 53 6043
6218 53 6299
6218 53 6327
6218 53 6432
6218 53 6555
6218 53 6594
6218 53 6634
6218 53 6784
6218 53 6913
6218 53 6914
6218 53 7063
6218 53 7092
6218 53 7168
6218 53 7553
6218 53 7587
6218 53 7620
6218 53 7632
6218 53 7809
6218 53 7835
6218 53 7910
6218 53 7961
6218 53 8121
6219 4 5626
6219 4 5950
6219 4 6170
6219 4 6723
6220 18 3634
6220 18 3803
6220 18 4713
6220 18 4717
6220 18 5012
6220 18 5177
6220 18 5178
6220 18 5254
6220 18 5335
6220 18 5384
6220 18 5479
6220 18 6006
6220 18 6262
6220 18 6299
6220 18 6634
6220 18 6715
6220 18 8246
6220 18 8297
6224 1 5262
6221 31 938
6221 31 3297
6221 31 3962
6221 31 4037
6221 31 4071
6221 31 4341
6221 31 5254
6221 31 5262
6221 31 5529
6221 31 5605
6221 31 5643
6221 31 5738
6221 31 5760
6221 31 5814
6221 31 5835
6221 31 6296
6221 31 6306
6221 31 6613
6221 31 6715
6221 31 6780
6221 31 7050
6221 31 7059
6221 31 7092
6221 31 7414
6221 31 7478
6221 31 7517
6221 31 7561
6221 31 7620
6221 31 7632
6221 31 7809
6221 31 7839
6222 1 5262
6223 17 2285
6223 17 2440
6223 17 2620
6223 17 4717
6223 17 4791
6223 17 5233
6223 17 5254
6223 17 5262
6223 17 5684
6223 17 6006
6223 17 6156
6223 17 6306
6223 17 6388
6223 17 6437
6223 17 6554
6223 17 6570
6223 17 6632
6229 19 840
6229 19 3238
6229 19 4037
6229 19 5012
6229 19 5543
6229 19 5714
6229 19 6227
6229 19 6330
6229 19 6566
6229 19 6714
6229 19 6784
6229 19 6833
6229 19 7092
6229 19 7301
6229 19 7478
6229 19 7544
6229 19 7649
6229 19 7946
6229 19 8212
6227 2 6229
6227 2 8212
6230 2 6229
6230 2 6407
6228 1 6229
6232 3 5263
6232 3 5804
6232 3 6218
6236 1 5415
6239 5 3873
6239 5 5760
6239 5 6218
6239 5 6306
6239 5 6432
6240 1 3873
6241 75 1026
6241 75 1403
6241 75 2565
6241 75 2851
6241 75 3238
6241 75 3291
6241 75 3634
6241 75 3873
6241 75 3962
6241 75 3969
6241 75 4341
6241 75 4507
6241 75 4632
6241 75 4983
6241 75 5002
6241 75 5178
6241 75 5289
6241 75 5393
6241 75 5465
6241 75 5563
6241 75 5671
6241 75 5760
6241 75 5806
6241 75 5814
6241 75 5822
6241 75 5872
6241 75 6097
6241 75 6123
6241 75 6299
6241 75 6417
6241 75 6424
6241 75 6442
6241 75 6496
6241 75 6505
6241 75 6555
6241 75 6665
6241 75 6715
6241 75 6784
6241 75 6790
6241 75 6832
6241 75 6860
6241 75 6976
6241 75 7021
6241 75 7052
6241 75 7059
6241 75 7092
6241 75 7116
6241 75 7237
6241 75 7277
6241 75 7280
6241 75 7362
6241 75 7381
6241 75 7400
6241 75 7414
6241 75 7443
6241 75 7497
6241 75 7561
6241 75 7590
6241 75 7593
6241 75 7604
6241 75 7620
6241 75 7632
6241 75 7651
6241 75 7662
6241 75 7694
6241 75 7695
6241 75 7763
6241 75 7819
6241 75 7855
6241 75 7908
6241 75 7961
6241 75 8042
6241 75 8051
6241 75 8212
6241 75 8219
6242 5 3873
6242 5 5524
6242 5 6251
6242 5 6892
6242 5 6930
6244 1 6246
6245 8 2565
6245 8 5465
6245 8 5487
6245 8 6023
6245 8 6246
6245 8 7116
6245 8 7587
6245 8 7632
6243 35 2160
6243 35 3752
6243 35 4483
6243 35 4604
6243 35 4712
6243 35 5002
6243 35 5079
6243 35 5254
6243 35 5484
6243 35 5739
6243 35 5800
6243 35 5829
6243 35 5839
6243 35 5871
6243 35 5872
6243 35 5902
6243 35 5998
6243 35 6000
6243 35 6123
6243 35 6246
6243 35 6414
6243 35 6501
6243 35 6606
6243 35 6628
6243 35 6634
6243 35 6665
6243 35 6700
6243 35 6774
6243 35 6832
6243 35 7092
6243 35 7414
6243 35 7632
6243 35 7699
6243 35 7809
6243 35 8297
6247 1 5178
6248 10 1972
6248 10 3634
6248 10 4536
6248 10 4717
6248 10 5178
6248 10 5233
6248 10 5335
6248 10 6337
6248 10 6554
6248 10 6570
6252 2 6255
6252 2 7813
6253 1 6255
6254 1 6255
6258 1 6259
6262 1 5200
6263 4 5335
6263 4 5423
6263 4 6023
6263 4 6262
6264 1 6262
6265 1 6262
6266 1 6267
6270 88 1982
6270 88 2851
6270 88 2914
6270 88 3291
6270 88 3334
6270 88 3346
6270 88 3459
6270 88 3634
6270 88 3803
6270 88 3885
6270 88 4009
6270 88 4037
6270 88 4099
6270 88 4134
6270 88 4218
6270 88 4361
6270 88 4507
6270 88 4687
6270 88 4944
6270 88 5012
6270 88 5233
6270 88 5288
6270 88 5524
6270 88 5543
6270 88 5563
6270 88 5697
6270 88 5714
6270 88 5739
6270 88 5773
6270 88 5799
6270 88 5800
6270 88 5811
6270 88 5814
6270 88 5829
6270 88 5932
6270 88 5980
6270 88 6001
6270 88 6006
6270 88 6097
6270 88 6123
6270 88 6198
6270 88 6272
6270 88 6299
6270 88 6305
6270 88 6327
6270 88 6328
6270 88 6417
6270 88 6424
6270 88 6441
6270 88 6462
6270 88 6464
6270 88 6474
6270 88 6496
6270 88 6503
6270 88 6505
6270 88 6560
6270 88 6596
6270 88 6714
6270 88 6736
6270 88 6765
6270 88 6770
6270 88 6772
6270 88 6789
6270 88 6832
6270 88 6869
6270 88 6873
6270 88 6901
6270 88 6913
6270 88 6930
6270 88 6942
6270 88 6946
6270 88 6953
6270 88 6955
6270 88 6979
6270 88 6994
6270 88 7161
6270 88 7185
6270 88 7257
6270 88 7304
6270 88 7319
6270 88 7323
6270 88 7341
6270 88 7351
6270 88 7381
6270 88 7397
6270 88 7414
6270 88 7442
6270 88 8295
6271 11 2440
6271 11 4715
6271 11 5188
6271 11 5200
6271 11 5799
6271 11 6505
6271 11 6571
6271 11 6634
6271 11 6809
6271 11 6813
6271 11 8295
6272 76 1403
6272 76 1549
6272 76 1823
6272 76 1982
6272 76 2160
6272 76 2440
6272 76 2620
6272 76 3334
6272 76 3459
6272 76 3634
6272 76 4099
6272 76 4361
6272 76 4536
6272 76 4666
6272 76 4717
6272 76 4940
6272 76 4944
6272 76 5020
6272 76 5079
6272 76 5188
6272 76 5210
6272 76 5233
6272 76 5254
6272 76 5543
6272 76 5596
6272 76 5697
6272 76 5739
6272 76 5800
6272 76 5806
6272 76 5811
6272 76 5819
6272 76 5822
6272 76 5827
6272 76 5839
6272 76 5871
6272 76 5902
6272 76 5933
6272 76 6000
6272 76 6043
6272 76 6047
6272 76 6097
6272 76 6123
6272 76 6305
6272 76 6501
6272 76 6523
6272 76 6554
6272 76 6606
6272 76 6634
6272 76 6665
6272 76 6714
6272 76 6736
6272 76 6774
6272 76 6832
6272 76 6914
6272 76 6946
6272 76 6955
6272 76 6976
6272 76 6979
6272 76 7052
6272 76 7092
6272 76 7279
6272 76 7414
6272 76 7478
6272 76 7510
6272 76 7553
6272 76 7620
6272 76 7632
6272 76 7662
6272 76 7699
6272 76 7839
6272 76 7882
6272 76 7908
6272 76 7924
6272 76 8051
6272 76 8073
6272 76 8295
6273 1 8295
6274 9 1026
6274 9 3459
6274 9 6032
6274 9 6044
6274 9 7649
6274 9 7788
6274 9 7835
6274 9 7992
6274 9 8295
6275 1 8295
6276 1 8295
6282 1 5335
6280 52 938
6280 52 1403
6280 52 2565
6280 52 2851
6280 52 2940
6280 52 3334
6280 52 3726
6280 52 3885
6280 52 4361
6280 52 4884
6280 52 5028
6280 52 5199
6280 52 5233
6280 52 5289
6280 52 5335
6280 52 5404
6280 52 5760
6280 52 5773
6280 52 5800
6280 52 5806
6280 52 5897
6280 52 5902
6280 52 6123
6280 52 6299
6280 52 6442
6280 52 6503
6280 52 6736
6280 52 6789
6280 52 6832
6280 52 6946
6280 52 7054
6280 52 7088
6280 52 7116
6280 52 7131
6280 52 7279
6280 52 7295
6280 52 7351
6280 52 7362
6280 52 7373
6280 52 7378
6280 52 7381
6280 52 7414
6280 52 7442
6280 52 7450
6280 52 7478
6280 52 7497
6280 52 7512
6280 52 7529
6280 52 7587
6280 52 7618
6280 52 7620
6280 52 7632
6281 1 5335
6286 3 2535
6286 3 4483
6286 3 5423
6287 1 5423
6288 1 5423
6291 1 6296
6292 1 6296
6293 1 6296
6294 1 6296
6297 1 6296
6295 3 2565
6295 3 5814
6295 3 6296
6299 78 840
6299 78 1026
6299 78 1493
6299 78 2160
6299 78 2535
6299 78 2565
6299 78 2774
6299 78 3238
6299 78 3334
6299 78 4361
6299 78 4536
6299 78 4713
6299 78 4798
6299 78 5020
6299 78 5199
6299 78 5421
6299 78 5524
6299 78 5582
6299 78 5596
6299 78 5697
6299 78 5760
6299 78 5773
6299 78 5776
6299 78 5802
6299 78 5804
6299 78 5806
6299 78 5814
6299 78 5829
6299 78 5897
6299 78 6006
6299 78 6097
6299 78 6170
6299 78 6198
6299 78 6218
6299 78 6270
6299 78 6305
6299 78 6306
6299 78 6330
6299 78 6334
6299 78 6337
6299 78 6400
6299 78 6414
6299 78 6417
6299 78 6496
6299 78 6505
6299 78 6523
6299 78 6555
6299 78 6596
6299 78 6624
6299 78 6634
6299 78 6665
6299 78 6714
6299 78 6715
6299 78 6720
6299 78 6736
6299 78 6739
6299 78 6755
6299 78 6783
6299 78 6784
6299 78 6788
6299 78 6789
6299 78 6832
6299 78 6833
6299 78 6901
6299 78 6907
6299 78 6934
6299 78 6953
6299 78 6979
6299 78 7185
6299 78 7295
6299 78 7351
6299 78 7359
6299 78 7553
6299 78 7587
6299 78 7620
6299 78 7632
6299 78 7688
6299 78 8297
6301 1 6302
6304 1 6306
6305 190 840
6305 190 1493
6305 190 1549
6305 190 1972
6305 190 1982
6305 190 2160
6305 190 2285
6305 190 2433
6305 190 2440
6305 190 2511
6305 190 2620
6305 190 2785
6305 190 2851
6305 190 2914
6305 190 3084
6305 190 3291
6305 190 3297
6305 190 3310
6305 190 3459
6305 190 3479
6305 190 3631
6305 190 3634
6305 190 3770
6305 190 3803
6305 190 3842
6305 190 3885
6305 190 3919
6305 190 4037
6305 190 4099
6305 190 4361
6305 190 4412
6305 190 4441
6305 190 4507
6305 190 4687
6305 190 4709
6305 190 4712
6305 190 4713
6305 190 4717
6305 190 4764
6305 190 4786
6305 190 4795
6305 190 4994
6305 190 5002
6305 190 5022
6305 190 5037
6305 190 5079
6305 190 5140
6305 190 5179
6305 190 5188
6305 190 5199
6305 190 5210
6305 190 5233
6305 190 5246
6305 190 5254
6305 190 5273
6305 190 5288
6305 190 5321
6305 190 5404
6305 190 5479
6305 190 5524
6305 190 5543
6305 190 5563
6305 190 5584
6305 190 5596
6305 190 5605
6305 190 5614
6305 190 5697
6305 190 5714
6305 190 5738
6305 190 5739
6305 190 5760
6305 190 5773
6305 190 5799
6305 190 5801
6305 190 5814
6305 190 5824
6305 190 5827
6305 190 5829
6305 190 5887
6305 190 5922
6305 190 5933
6305 190 5950
6305 190 5980
6305 190 5998
6305 190 6004
6305 190 6006
6305 190 6032
6305 190 6044
6305 190 6047
6305 190 6156
6305 190 6170
6305 190 6218
6305 190 6221
6305 190 6227
6305 190 6299
6305 190 6306
6305 190 6311
6305 190 6323
6305 190 6327
6305 190 6330
6305 190 6347
6305 190 6388
6305 190 6414
6305 190 6417
6305 190 6424
6305 190 6441
6305 190 6458
6305 190 6462
6305 190 6474
6305 190 6481
6305 190 6498
6305 190 6503
6305 190 6505
6305 190 6511
6305 190 6523
6305 190 6528
6305 190 6529
6305 190 6532
6305 190 6543
6305 190 6552
6305 190 6553
6305 190 6560
6305 190 6566
6305 190 6589
6305 190 6590
6305 190 6594
6305 190 6595
6305 190 6599
6305 190 6613
6305 190 6624
6305 190 6632
6305 190 6634
6305 190 6665
6305 190 6699
6305 190 6700
6305 190 6714
6305 190 6715
6305 190 6720
6305 190 6725
6305 190 6759
6305 190 6770
6305 190 6777
6305 190 6780
6305 190 6783
6305 190 6784
6305 190 6789
6305 190 6790
6305 190 6803
6305 190 6850
6305 190 6855
6305 190 6860
6305 190 6875
6305 190 6918
6305 190 6930
6305 190 6934
6305 190 6979
6305 190 6994
6305 190 7073
6305 190 7108
6305 190 7144
6305 190 7233
6305 190 7277
6305 190 7279
6305 190 7295
6305 190 7301
6305 190 7373
6305 190 7378
6305 190 7491
6305 190 7517
6305 190 7544
6305 190 7553
6305 190 7620
6305 190 7778
6305 190 7795
6305 190 7810
6305 190 7860
6305 190 7874
6305 190 7913
6305 190 7928
6305 190 7965
6305 190 8037
6305 190 8043
6305 190 8044
6305 190 8128
6305 190 8134
6305 190 8139
6305 190 8141
6305 190 8149
6305 190 8219
6305 190 8297
6311 1 7047
6312 3 4798
6312 3 5233
6312 3 6334
6313 2 5233
6313 2 6004
6314 10 1823
6314 10 2620
6314 10 4791
6314 10 5210
6314 10 5233
6314 10 6156
6314 10 6501
6314 10 6663
6314 10 6765
6314 10 8002
6315 1 5233
6319 2 4791
6319 2 5233
6320 23 3291
6320 23 3969
6320 23 4715
6320 23 5079
6320 23 5563
6320 23 5804
6320 23 6006
6320 23 6321
6320 23 6388
6320 23 6414
6320 23 6505
6320 23 6530
6320 23 6809
6320 23 6869
6320 23 6873
6320 23 7092
6320 23 7214
6320 23 7225
6320 23 7237
6320 23 7646
6320 23 7809
6320 23 7979
6320 23 8168
6323 44 1972
6323 44 2851
6323 44 3291
6323 44 3334
6323 44 3459
6323 44 4134
6323 44 4483
6323 44 4764
6323 44 5200
6323 44 5233
6323 44 5254
6323 44 5432
6323 44 5524
6323 44 5543
6323 44 5563
6323 44 5596
6323 44 5614
6323 44 5697
6323 44 5739
6323 44 5800
6323 44 5811
6323 44 5829
6323 44 5902
6323 44 6327
6323 44 6417
6323 44 6481
6323 44 6505
6323 44 6528
6323 44 6555
6323 44 6783
6323 44 6784
6323 44 6789
6323 44 6832
6323 44 6869
6323 44 6930
6323 44 6976
6323 44 6979
6323 44 7378
6323 44 7381
6323 44 7414
6323 44 7510
6323 44 7553
6323 44 7620
6323 44 7839
6132 2 5200
6132 2 6950
6317 5 2774
6317 5 3479
6317 5 4980
6317 5 5200
6317 5 6432
6324 6 2774
6324 6 3614
6324 6 4712
6324 6 4798
6324 6 5200
6324 6 5584
6325 5 4483
6325 5 5200
6325 5 5254
6325 5 6595
6325 5 6979
6326 2 4483
6326 2 5200
6334 4 3792
6334 4 5233
6334 4 6006
6334 4 6330
6330 1 6334
6331 3 6156
6331 3 6334
6331 3 8134
6332 1 6334
6333 2 6334
6333 2 7965
6339 3 6218
6339 3 6328
6339 3 6340
6344 2 1352
6344 2 5827
6346 17 1549
6346 17 2774
6346 17 3792
6346 17 3919
6346 17 4604
6346 17 5002
6346 17 5295
6346 17 5596
6346 17 6004
6346 17 6554
6346 17 6560
6346 17 6624
6346 17 6739
6346 17 6777
6346 17 6789
6346 17 6869
6346 17 7052
6347 11 2774
6347 11 4709
6347 11 5289
6347 11 5773
6347 11 6006
6347 11 6496
6347 11 7862
6347 11 7912
6347 11 7979
6347 11 8174
6347 11 8192
6348 1 2774
6349 1 2774
6350 1 2774
6355 1 2535
6356 2 2535
6356 2 5714
6359 81 1352
6359 81 1549
6359 81 2433
6359 81 3726
6359 81 3792
6359 81 3830
6359 81 4037
6359 81 4065
6359 81 4488
6359 81 4536
6359 81 4604
6359 81 4712
6359 81 4713
6359 81 4715
6359 81 4764
6359 81 4791
6359 81 4980
6359 81 5002
6359 81 5037
6359 81 5079
6359 81 5188
6359 81 5199
6359 81 5254
6359 81 5295
6359 81 5524
6359 81 5563
6359 81 5596
6359 81 5697
6359 81 5714
6359 81 5739
6359 81 5802
6359 81 5814
6359 81 5822
6359 81 5827
6359 81 5829
6359 81 5871
6359 81 6001
6359 81 6097
6359 81 6170
6359 81 6221
6359 81 6227
6359 81 6272
6359 81 6299
6359 81 6327
6359 81 6347
6359 81 6388
6359 81 6491
6359 81 6496
6359 81 6501
6359 81 6503
6359 81 6555
6359 81 6560
6359 81 6600
6359 81 6624
6359 81 6634
6359 81 6665
6359 81 6699
6359 81 6720
6359 81 6739
6359 81 6765
6359 81 6772
6359 81 6774
6359 81 6784
6359 81 6832
6359 81 6840
6359 81 6855
6359 81 6860
6359 81 6869
6359 81 6873
6359 81 6901
6359 81 6913
6359 81 6930
6359 81 6934
6359 81 6976
6359 81 7073
6359 81 7108
6359 81 7214
6359 81 7246
6359 81 7257
6359 81 7961
6359 81 8297
6360 35 840
6360 35 3346
6360 35 3479
6360 35 3614
6360 35 3809
6360 35 4037
6360 35 4687
6360 35 4715
6360 35 4798
6360 35 4980
6360 35 5012
6360 35 5384
6360 35 5484
6360 35 5798
6360 35 5804
6360 35 5922
6360 35 6218
6360 35 6327
6360 35 6337
6360 35 6388
6360 35 6414
6360 35 6417
6360 35 6560
6360 35 6736
6360 35 6994
6360 35 7054
6360 35 7073
6360 35 7074
6360 35 7108
6360 35 7119
6360 35 7143
6360 35 7144
6360 35 7214
6360 35 7323
6360 35 7442
6298 7 4798
6298 7 5254
6298 7 5709
6298 7 6328
6298 7 6400
6298 7 6409
6298 7 7632
6366 1 6328
6351 1 6218
6371 1 6218
6374 1 5804
6375 1 5804
6377 17 3459
6377 17 4713
6377 17 4764
6377 17 5288
6377 17 5321
6377 17 5596
6377 17 5798
6377 17 5829
6377 17 5871
6377 17 6347
6377 17 6388
6377 17 6665
6377 17 6770
6377 17 6783
6377 17 6833
6377 17 6850
6377 17 6855
6378 2 5798
6378 2 6739
6379 1 4798
6380 4 2223
6380 4 4401
6380 4 4798
6380 4 6897
6381 3 2433
6381 3 4798
6381 3 6850
6327 108 840
6327 108 1403
6327 108 1823
6327 108 1982
6327 108 2285
6327 108 2620
6327 108 2785
6327 108 2851
6327 108 3346
6327 108 3459
6327 108 3631
6327 108 3726
6327 108 3792
6327 108 3803
6327 108 3809
6327 108 4037
6327 108 4441
6327 108 4536
6327 108 4689
6327 108 4712
6327 108 4713
6327 108 4786
6327 108 4798
6327 108 4944
6327 108 5002
6327 108 5012
6327 108 5188
6327 108 5199
6327 108 5210
6327 108 5254
6327 108 5288
6327 108 5295
6327 108 5384
6327 108 5404
6327 108 5479
6327 108 5484
6327 108 5582
6327 108 5697
6327 108 5714
6327 108 5772
6327 108 5773
6327 108 5776
6327 108 5800
6327 108 5807
6327 108 5814
6327 108 5818
6327 108 5822
6327 108 5824
6327 108 5827
6327 108 5829
6327 108 5922
6327 108 5932
6327 108 5998
6327 108 6001
6327 108 6006
6327 108 6097
6327 108 6270
6327 108 6299
6327 108 6323
6327 108 6347
6327 108 6388
6327 108 6414
6327 108 6432
6327 108 6437
6327 108 6462
6327 108 6501
6327 108 6503
6327 108 6560
6327 108 6595
6327 108 6624
6327 108 6634
6327 108 6665
6327 108 6670
6327 108 6715
6327 108 6720
6327 108 6724
6327 108 6736
6327 108 6765
6327 108 6783
6327 108 6784
6327 108 6805
6327 108 6832
6327 108 6833
6327 108 6869
6327 108 6873
6327 108 6901
6327 108 6913
6327 108 6917
6327 108 6976
6327 108 6979
6327 108 6994
6327 108 7040
6327 108 7074
6327 108 7094
6327 108 7101
6327 108 7108
6327 108 7115
6327 108 7119
6327 108 7143
6327 108 7144
6327 108 7168
6327 108 7214
6327 108 7215
6327 108 7246
6327 108 7295
6327 108 7319
6327 108 7323
6327 108 8297
6383 3 967
6383 3 4483
6383 3 7855
6387 1 6388
6389 1 6337
6391 1 6400
6392 1 6400
6393 1 6400
6394 8 1972
6394 8 3634
6394 8 4994
6394 8 6006
6394 8 6400
6394 8 6529
6394 8 6571
6394 8 6634
6399 1 6400
6395 1 6400
6396 1 6400
6397 1 6400
6398 29 4507
6398 29 4709
6398 29 5002
6398 29 5714
6398 29 5814
6398 29 5871
6398 29 6270
6398 29 6400
6398 29 6555
6398 29 6770
6398 29 6774
6398 29 6833
6398 29 6850
6398 29 6869
6398 29 6892
6398 29 6955
6398 29 7040
6398 29 7185
6398 29 7225
6398 29 7243
6398 29 7254
6398 29 7553
6398 29 7620
6398 29 7763
6398 29 8073
6398 29 8224
6398 29 8235
6398 29 8249
6398 29 8297
6406 2 6407
6406 2 6770
6408 3 6409
6408 3 7144
6408 3 7149
6410 1 4687
6411 1 4687
6412 1 4687
6413 1 4687
6414 21 2565
6414 21 4037
6414 21 5022
6414 21 5582
6414 21 6560
6414 21 6567
6414 21 6571
6414 21 6634
6414 21 6913
6414 21 6914
6414 21 6918
6414 21 7021
6414 21 7116
6414 21 7553
6414 21 7574
6414 21 7587
6414 21 7620
6414 21 7632
6414 21 7839
6414 21 7874
6414 21 8178
6415 4 2620
6415 4 6417
6415 4 7054
6415 4 7510
6416 2 6327
6416 2 6417
6422 11 4712
6422 11 5020
6422 11 5697
6422 11 5822
6422 11 6560
6422 11 6634
6422 11 6762
6422 11 6770
6422 11 6983
6422 11 7063
6422 11 7809
6421 23 1982
6421 23 3084
6421 23 3919
6421 23 5210
6421 23 5295
6421 23 5543
6421 23 5697
6421 23 5807
6421 23 5829
6421 23 5839
6421 23 5922
6421 23 6001
6421 23 6388
6421 23 6422
6421 23 6523
6421 23 6634
6421 23 6670
6421 23 6805
6421 23 6934
6421 23 6993
6421 23 7393
6421 23 7701
6421 23 7928
6423 1 5738
6424 2 5738
6424 2 6481
6426 1 6427
6429 1 5439
6428 3 1972
6428 3 5439
6428 3 6498
6430 1 6432
6431 1 6432
6436 3 6004
6436 3 6437
6436 3 6803
6439 1 6441
6440 3 4099
6440 3 5254
6440 3 6441
6442 4 3238
6442 4 6006
6442 4 7567
6442 4 7620
6443 70 1026
6443 70 2160
6443 70 2433
6443 70 2565
6443 70 2620
6443 70 2785
6443 70 2851
6443 70 3084
6443 70 3238
6443 70 3310
6443 70 3334
6443 70 3459
6443 70 4037
6443 70 4071
6443 70 4099
6443 70 4134
6443 70 4361
6443 70 5002
6443 70 5020
6443 70 5022
6443 70 5210
6443 70 5233
6443 70 5254
6443 70 5321
6443 70 5697
6443 70 5800
6443 70 5902
6443 70 5932
6443 70 6006
6443 70 6151
6443 70 6156
6443 70 6270
6443 70 6299
6443 70 6320
6443 70 6388
6443 70 6523
6443 70 6560
6443 70 6600
6443 70 6634
6443 70 6789
6443 70 6832
6443 70 6855
6443 70 6913
6443 70 6914
6443 70 6918
6443 70 7050
6443 70 7054
6443 70 7108
6443 70 7115
6443 70 7131
6443 70 7168
6443 70 7214
6443 70 7238
6443 70 7301
6443 70 7510
6443 70 7517
6443 70 7553
6443 70 7587
6443 70 7620
6443 70 7632
6443 70 7646
6443 70 7699
6443 70 7788
6443 70 7795
6443 70 7833
6443 70 7890
6443 70 7924
6443 70 8134
6443 70 8141
6443 70 8224
6444 1 6006
6448 1 6006
6445 7 4037
6445 7 5933
6445 7 6006
6445 7 6914
6445 7 7855
6445 7 7912
6445 7 7927
6446 1 6006
6447 12 1352
6447 12 4099
6447 12 4712
6447 12 5824
6447 12 6006
6447 12 6170
6447 12 6474
6447 12 6481
6447 12 6498
6447 12 6501
6447 12 6554
6447 12 6594
6458 28 1352
6458 28 2160
6458 28 4037
6458 28 4099
6458 28 4488
6458 28 4709
6458 28 5028
6458 28 5273
6458 28 5543
6458 28 5760
6458 28 5818
6458 28 6000
6458 28 6004
6458 28 6330
6458 28 6600
6458 28 6606
6458 28 6613
6458 28 6670
6458 28 6869
6458 28 6907
6458 28 6930
6458 28 7073
6458 28 7108
6458 28 7115
6458 28 7225
6458 28 7386
6458 28 7855
6458 28 8163
6450 1 6458
6451 1 6458
6452 2 6458
6452 2 8297
6453 1 6458
6454 1 6458
6455 1 6458
6456 3 5714
6456 3 6458
6456 3 6930
6457 2 6458
6457 2 8141
6459 2 6458
6459 2 7108
6461 6 155
6461 6 967
6461 6 2565
6461 6 4361
6461 6 6327
6461 6 6715
6462 3 1972
6462 3 6327
6462 3 6511
6466 1 6424
6467 8 1352
6467 8 2620
6467 8 4712
6467 8 4717
6467 8 4994
6467 8 5254
6467 8 6156
6467 8 6424
6468 1 6424
6469 2 2620
6469 2 6424
6470 1 6472
6471 5 1982
6471 5 6472
6471 5 6511
6471 5 6790
6471 5 7040
6474 1 7649
6477 1 4099
6479 13 2620
6479 13 3459
6479 13 3634
6479 13 4037
6479 13 4099
6479 13 5254
6479 13 5273
6479 13 5714
6479 13 6000
6479 13 6004
6479 13 6552
6479 13 6566
6479 13 6595
6478 1 4099
6480 1 6481
6483 28 2160
6483 28 2620
6483 28 3291
6483 28 4441
6483 28 4791
6483 28 5002
6483 28 5254
6483 28 5827
6483 28 5950
6483 28 6156
6483 28 6299
6483 28 6496
6483 28 6560
6483 28 6595
6483 28 6599
6483 28 6606
6483 28 6621
6483 28 6628
6483 28 6632
6483 28 6661
6483 28 6668
6483 28 6707
6483 28 6720
6483 28 6721
6483 28 6723
6483 28 6755
6483 28 6789
6483 28 8297
6484 10 2851
6484 10 3238
6484 10 5822
6484 10 5998
6484 10 6496
6484 10 7021
6484 10 7092
6484 10 7890
6484 10 8174
6484 10 8192
6485 1 6496
6486 85 840
6486 85 1403
6486 85 2511
6486 85 2851
6486 85 2940
6486 85 3726
6486 85 3919
6486 85 4218
6486 85 4791
6486 85 4879
6486 85 4944
6486 85 4966
6486 85 4992
6486 85 5002
6486 85 5233
6486 85 5254
6486 85 5273
6486 85 5289
6486 85 5393
6486 85 5404
6486 85 5432
6486 85 5524
6486 85 5582
6486 85 5596
6486 85 5739
6486 85 5773
6486 85 5800
6486 85 5806
6486 85 5811
6486 85 5814
6486 85 5872
6486 85 5998
6486 85 6000
6486 85 6097
6486 85 6123
6486 85 6323
6486 85 6327
6486 85 6496
6486 85 6503
6486 85 6555
6486 85 6560
6486 85 6600
6486 85 6606
6486 85 6624
6486 85 6634
6486 85 6665
6486 85 6715
6486 85 6725
6486 85 6736
6486 85 6765
6486 85 6774
6486 85 6784
6486 85 6832
6486 85 6873
6486 85 6907
6486 85 6913
6486 85 6976
6486 85 6994
6486 85 7023
6486 85 7108
6486 85 7143
6486 85 7162
6486 85 7185
6486 85 7214
6486 85 7237
6486 85 7246
6486 85 7301
6486 85 7304
6486 85 7306
6486 85 7315
6486 85 7365
6486 85 7381
6486 85 7386
6486 85 7391
6486 85 7400
6486 85 7414
6486 85 7436
6486 85 7439
6486 85 7491
6486 85 7529
6486 85 7553
6486 85 7587
6486 85 7588
6486 85 7620
6486 85 7632
6487 4 5037
6487 4 5802
6487 4 6496
6487 4 6755
6488 22 2160
6488 22 2620
6488 22 3459
6488 22 3634
6488 22 4713
6488 22 4717
6488 22 5210
6488 22 5254
6488 22 5524
6488 22 5739
6488 22 5800
6488 22 5871
6488 22 6170
6488 22 6327
6488 22 6496
6488 22 6560
6488 22 6628
6488 22 6634
6488 22 6770
6488 22 6869
6488 22 6873
6488 22 6982
6489 2 6330
6489 2 6496
6490 2 6496
6490 2 6790
6491 4 5002
6491 4 5802
6491 4 5824
6491 4 6496
6492 2 5802
6492 2 6496
6493 1 6496
6494 101 1549
6494 101 2160
6494 101 2940
6494 101 3084
6494 101 3238
6494 101 3381
6494 101 3459
6494 101 3631
6494 101 3752
6494 101 3792
6494 101 4065
6494 101 4071
6494 101 4709
6494 101 4875
6494 101 4884
6494 101 4940
6494 101 4983
6494 101 5002
6494 101 5022
6494 101 5028
6494 101 5079
6494 101 5179
6494 101 5233
6494 101 5254
6494 101 5393
6494 101 5524
6494 101 5529
6494 101 5543
6494 101 5596
6494 101 5714
6494 101 5760
6494 101 5799
6494 101 5800
6494 101 5806
6494 101 5811
6494 101 5814
6494 101 5897
6494 101 5922
6494 101 6004
6494 101 6032
6494 101 6305
6494 101 6320
6494 101 6330
6494 101 6496
6494 101 6523
6494 101 6555
6494 101 6596
6494 101 6759
6494 101 6765
6494 101 6790
6494 101 6832
6494 101 6833
6494 101 6860
6494 101 6873
6494 101 6892
6494 101 6897
6494 101 6914
6494 101 6920
6494 101 6933
6494 101 6938
6494 101 6946
6494 101 6955
6494 101 6979
6494 101 6982
6494 101 6993
6494 101 7023
6494 101 7047
6494 101 7052
6494 101 7054
6494 101 7059
6494 101 7092
6494 101 7101
6494 101 7115
6494 101 7279
6494 101 7280
6494 101 7301
6494 101 7319
6494 101 7351
6494 101 7362
6494 101 7373
6494 101 7386
6494 101 7400
6494 101 7414
6494 101 7443
6494 101 7618
6494 101 7620
6494 101 7624
6494 101 7642
6494 101 7653
6494 101 7688
6494 101 7695
6494 101 7763
6494 101 7799
6494 101 7833
6494 101 7871
6494 101 7890
6494 101 7979
6494 101 7996
6494 101 8019
6494 101 8025
6494 101 8174
6495 2 6496
6495 2 7316
6497 1 6498
6500 8 2160
6500 8 3792
6500 8 5714
6500 8 5799
6500 8 6004
6500 8 6566
6500 8 6930
6500 8 7301
6501 17 3334
6501 17 3459
6501 17 3842
6501 17 4507
6501 17 5079
6501 17 5210
6501 17 5254
6501 17 5321
6501 17 5543
6501 17 5739
6501 17 5799
6501 17 5827
6501 17 6004
6501 17 6599
6501 17 6803
6501 17 6897
6501 17 6918
6502 12 3238
6502 12 4981
6502 12 5022
6502 12 5799
6502 12 6044
6502 12 6914
6502 12 7115
6502 12 7624
6502 12 7879
6502 12 7961
6502 12 8134
6502 12 8174
6503 4 3634
6503 4 5799
6503 4 6221
6503 4 6554
6504 7 1972
6504 7 4604
6504 7 4994
6504 7 5479
6504 7 5827
6504 7 6505
6504 7 6600
6506 1 5140
6507 1 5140
6508 1 5140
6509 1 5140
6510 54 1823
6510 54 2160
6510 54 3084
6510 54 3293
6510 54 3297
6510 54 3346
6510 54 3459
6510 54 4709
6510 54 4713
6510 54 4875
6510 54 4994
6510 54 5002
6510 54 5020
6510 54 5022
6510 54 5179
6510 54 5254
6510 54 5384
6510 54 5465
6510 54 5800
6510 54 6000
6510 54 6347
6510 54 6388
6510 54 6511
6510 54 6523
6510 54 6560
6510 54 6566
6510 54 6599
6510 54 6665
6510 54 6720
6510 54 6725
6510 54 6736
6510 54 6765
6510 54 6789
6510 54 6803
6510 54 6809
6510 54 6832
6510 54 6833
6510 54 6850
6510 54 6913
6510 54 6934
6510 54 6946
6510 54 7052
6510 54 7351
6510 54 7442
6510 54 7544
6510 54 7553
6510 54 7587
6510 54 7620
6510 54 7647
6510 54 7694
6510 54 7707
6510 54 7795
6510 54 7835
6510 54 8134
6513 1 4994
6514 1 4994
6515 1 4994
6516 1 5479
6517 2 1972
6517 2 4713
6518 33 1403
6518 33 2589
6518 33 2851
6518 33 3459
6518 33 3631
6518 33 3885
6518 33 4748
6518 33 4875
6518 33 4884
6518 33 5002
6518 33 5199
6518 33 5814
6518 33 5872
6518 33 5922
6518 33 5998
6518 33 6032
6518 33 6097
6518 33 6327
6518 33 6442
6518 33 6634
6518 33 6665
6518 33 6784
6518 33 6832
6518 33 6976
6518 33 6980
6518 33 6994
6518 33 7021
6518 33 7052
6518 33 7092
6518 33 7277
6518 33 7279
6518 33 7422
6518 33 7553
6519 1 2433
6520 2 2433
6520 2 7280
6521 1 2433
6522 29 1493
6522 29 2160
6522 29 2433
6522 29 4488
6522 29 4536
6522 29 4713
6522 29 4764
6522 29 5254
6522 29 5321
6522 29 5596
6522 29 5829
6522 29 5871
6522 29 6004
6522 29 6323
6522 29 6347
6522 29 6388
6522 29 6560
6522 29 6770
6522 29 6777
6522 29 6783
6522 29 6789
6522 29 6803
6522 29 6809
6522 29 6813
6522 29 6833
6522 29 6840
6522 29 6855
6522 29 6869
6522 29 6873
6523 33 1549
6523 33 2433
6523 33 3084
6523 33 3334
6523 33 3459
6523 33 3962
6523 33 4037
6523 33 4507
6523 33 4536
6523 33 5079
6523 33 5148
6523 33 5524
6523 33 5543
6523 33 5655
6523 33 5697
6523 33 5714
6523 33 5800
6523 33 5839
6523 33 5902
6523 33 5932
6523 33 6305
6523 33 6330
6523 33 6555
6523 33 6634
6523 33 6774
6523 33 6832
6523 33 6934
6523 33 6948
6523 33 6976
6523 33 7115
6523 33 7414
6523 33 7620
6523 33 7839
6524 8 2433
6524 8 5807
6524 8 6914
6524 8 7063
6524 8 7478
6524 8 7910
6524 8 7992
6524 8 8178
6525 17 840
6525 17 2433
6525 17 2565
6525 17 4536
6525 17 4713
6525 17 5543
6525 17 5811
6525 17 5829
6525 17 6004
6525 17 6414
6525 17 6613
6525 17 6634
6525 17 6790
6525 17 6803
6525 17 6979
6525 17 7119
6525 17 8297
6526 11 2160
6526 11 2433
6526 11 5321
6526 11 5829
6526 11 5871
6526 11 6004
6526 11 6323
6526 11 6770
6526 11 6783
6526 11 6805
6526 11 6840
6527 1 6528
6460 58 967
6460 58 1498
6460 58 2440
6460 58 2620
6460 58 3291
6460 58 3334
6460 58 3962
6460 58 4689
6460 58 4717
6460 58 4875
6460 58 4966
6460 58 4981
6460 58 5020
6460 58 5079
6460 58 5179
6460 58 5188
6460 58 5643
6460 58 5800
6460 58 5819
6460 58 5839
6460 58 5950
6460 58 6032
6460 58 6529
6460 58 6553
6460 58 6554
6460 58 6555
6460 58 6560
6460 58 6567
6460 58 6596
6460 58 6699
6460 58 6759
6460 58 6946
6460 58 6993
6460 58 7021
6460 58 7092
6460 58 7277
6460 58 7386
6460 58 7414
6460 58 7442
6460 58 7491
6460 58 7497
6460 58 7498
6460 58 7701
6460 58 7765
6460 58 7799
6460 58 7803
6460 58 7809
6460 58 7835
6460 58 7857
6460 58 7910
6460 58 7912
6460 58 7921
6460 58 7924
6460 58 7952
6460 58 7994
6460 58 7996
6460 58 8019
6460 58 8042
6533 1 4791
6534 1 4791
6537 5 1823
6537 5 4791
6537 5 6567
6537 5 6599
6537 5 6606
6535 1 4791
6538 21 2285
6538 21 3459
6538 21 4791
6538 21 5179
6538 21 5563
6538 21 5902
6538 21 6004
6538 21 6388
6538 21 6665
6538 21 6769
6538 21 6789
6538 21 6850
6538 21 6918
6538 21 7116
6538 21 7529
6538 21 7620
6538 21 7632
6538 21 7819
6538 21 8132
6538 21 8141
6538 21 8148
6539 1 4791
6536 2 4791
6536 2 7879
6541 1 4507
6542 1 4507
6544 1 3634
6545 5 3634
6545 5 4709
6545 5 6156
6545 5 6595
6545 5 6663
6546 2 3634
6546 2 4709
6547 1 3634
6548 10 2940
6548 10 3634
6548 10 3842
6548 10 4071
6548 10 6442
6548 10 7092
6548 10 7381
6548 10 7544
6548 10 7553
6548 10 7788
6550 9 1498
6550 9 4401
6550 9 5079
6550 9 5812
6550 9 6553
6550 9 7238
6550 9 7553
6550 9 7927
6550 9 8249
6555 35 2589
6555 35 2785
6555 35 2851
6555 35 3381
6555 35 3459
6555 35 4361
6555 35 4632
6555 35 5002
6555 35 5079
6555 35 5199
6555 35 5760
6555 35 5811
6555 35 5814
6555 35 6004
6555 35 6299
6555 35 6523
6555 35 6554
6555 35 6560
6555 35 6566
6555 35 6699
6555 35 6772
6555 35 6832
6555 35 7092
6555 35 7146
6555 35 7214
6555 35 7225
6555 35 7243
6555 35 7351
6555 35 7414
6555 35 7434
6555 35 7553
6555 35 7632
6555 35 7651
6555 35 7726
6555 35 7809
6560 43 840
6560 43 3084
6560 43 3459
6560 43 4401
6560 43 4435
6560 43 4713
6560 43 4717
6560 43 5079
6560 43 5199
6560 43 5233
6560 43 5404
6560 43 5776
6560 43 5800
6560 43 5811
6560 43 5818
6560 43 5839
6560 43 5932
6560 43 6123
6560 43 6198
6560 43 6327
6560 43 6523
6560 43 6596
6560 43 6736
6560 43 6770
6560 43 6789
6560 43 6832
6560 43 6913
6560 43 6946
6560 43 6976
6560 43 6980
6560 43 6994
6560 43 7092
6560 43 7214
6560 43 7381
6560 43 7386
6560 43 7414
6560 43 7553
6560 43 7632
6560 43 7701
6560 43 7757
6560 43 7813
6560 43 7833
6560 43 8192
6561 3 967
6561 3 4604
6561 3 4717
6565 1 6566
6123 24 3334
6123 24 3459
6123 24 4488
6123 24 5524
6123 24 5563
6123 24 5697
6123 24 5760
6123 24 5822
6123 24 5871
6123 24 5902
6123 24 6568
6123 24 6774
6123 24 6784
6123 24 6832
6123 24 7185
6123 24 7204
6123 24 7254
6123 24 7381
6123 24 7414
6123 24 7439
6123 24 7497
6123 24 7498
6123 24 7624
6123 24 7632
6570 4 5872
6570 4 7301
6570 4 7795
6570 4 7908
6572 1 4689
6573 1 4689
6574 1 6576
6575 1 6576
6563 58 1493
6563 58 1982
6563 58 2440
6563 58 2565
6563 58 3803
6563 58 3962
6563 58 4037
6563 58 4361
6563 58 4536
6563 58 4875
6563 58 4981
6563 58 5002
6563 58 5079
6563 58 5254
6563 58 5421
6563 58 5465
6563 58 5714
6563 58 5739
6563 58 5745
6563 58 5773
6563 58 5814
6563 58 5897
6563 58 5902
6563 58 6097
6563 58 6123
6563 58 6299
6563 58 6305
6563 58 6327
6563 58 6414
6563 58 6634
6563 58 6832
6563 58 6860
6563 58 6873
6563 58 6907
6563 58 6934
6563 58 6946
6563 58 6979
6563 58 6982
6563 58 6994
6563 58 7052
6563 58 7054
6563 58 7108
6563 58 7144
6563 58 7214
6563 58 7233
6563 58 7279
6563 58 7378
6563 58 7436
6563 58 7618
6563 58 7620
6563 58 7646
6563 58 7651
6563 58 7757
6563 58 7778
6563 58 7809
6563 58 7839
6563 58 7840
6563 58 7927
6577 10 2160
6577 10 2440
6577 10 4134
6577 10 5254
6577 10 5524
6577 10 6227
6577 10 6699
6577 10 6897
6577 10 6934
6577 10 8297
6578 1 2285
6579 1 2285
6580 1 2285
6586 1 2285
6581 1 2285
6582 1 2285
6583 1 2285
6587 1 2285
6584 1 2285
6588 1 2285
6585 1 2285
6592 1 6323
6552 29 1026
6552 29 3334
6552 29 3459
6552 29 4071
6552 29 4944
6552 29 5002
6552 29 5022
6552 29 5079
6552 29 5254
6552 29 5295
6552 29 5839
6552 29 5998
6552 29 6221
6552 29 6243
6552 29 6327
6552 29 6523
6552 29 6594
6552 29 6832
6552 29 6979
6552 29 7050
6552 29 7052
6552 29 7168
6552 29 7323
6552 29 7414
6552 29 7620
6552 29 7632
6552 29 7699
6552 29 7809
6552 29 8121
6595 12 1026
6595 12 4712
6595 12 5020
6595 12 5295
6595 12 5596
6595 12 6594
6595 12 6715
6595 12 6832
6595 12 6948
6595 12 7279
6595 12 7414
6595 12 7632
6596 177 967
6596 177 1191
6596 177 1498
6596 177 1865
6596 177 1982
6596 177 2223
6596 177 2565
6596 177 2658
6596 177 3238
6596 177 3293
6596 177 3297
6596 177 3310
6596 177 3334
6596 177 3381
6596 177 3752
6596 177 3962
6596 177 4037
6596 177 4071
6596 177 4401
6596 177 4432
6596 177 4435
6596 177 4507
6596 177 4604
6596 177 4712
6596 177 4884
6596 177 4940
6596 177 4981
6596 177 4983
6596 177 5002
6596 177 5028
6596 177 5064
6596 177 5079
6596 177 5096
6596 177 5148
6596 177 5179
6596 177 5199
6596 177 5246
6596 177 5378
6596 177 5421
6596 177 5465
6596 177 5466
6596 177 5529
6596 177 5596
6596 177 5605
6596 177 5643
6596 177 5671
6596 177 5738
6596 177 5812
6596 177 5839
6596 177 5871
6596 177 5933
6596 177 5969
6596 177 6032
6596 177 6151
6596 177 6174
6596 177 6241
6596 177 6299
6596 177 6320
6596 177 6422
6596 177 6503
6596 177 6523
6596 177 6555
6596 177 6560
6596 177 6618
6596 177 6634
6596 177 6712
6596 177 6759
6596 177 6774
6596 177 6783
6596 177 6789
6596 177 6875
6596 177 6913
6596 177 6914
6596 177 6918
6596 177 6934
6596 177 6946
6596 177 6980
6596 177 6993
6596 177 7005
6596 177 7012
6596 177 7021
6596 177 7047
6596 177 7059
6596 177 7063
6596 177 7092
6596 177 7094
6596 177 7116
6596 177 7120
6596 177 7225
6596 177 7233
6596 177 7238
6596 177 7277
6596 177 7280
6596 177 7341
6596 177 7351
6596 177 7386
6596 177 7389
6596 177 7391
6596 177 7397
6596 177 7443
6596 177 7544
6596 177 7553
6596 177 7574
6596 177 7587
6596 177 7618
6596 177 7620
6596 177 7624
6596 177 7632
6596 177 7646
6596 177 7647
6596 177 7648
6596 177 7649
6596 177 7651
6596 177 7652
6596 177 7662
6596 177 7668
6596 177 7683
6596 177 7688
6596 177 7694
6596 177 7695
6596 177 7699
6596 177 7707
6596 177 7726
6596 177 7730
6596 177 7757
6596 177 7763
6596 177 7778
6596 177 7788
6596 177 7791
6596 177 7795
6596 177 7803
6596 177 7809
6596 177 7810
6596 177 7833
6596 177 7835
6596 177 7839
6596 177 7855
6596 177 7862
6596 177 7871
6596 177 7879
6596 177 7882
6596 177 7890
6596 177 7908
6596 177 7910
6596 177 7912
6596 177 7913
6596 177 7921
6596 177 7924
6596 177 7946
6596 177 7952
6596 177 7961
6596 177 7965
6596 177 7979
6596 177 8002
6596 177 8050
6596 177 8051
6596 177 8073
6596 177 8083
6596 177 8090
6596 177 8121
6596 177 8122
6596 177 8124
6596 177 8128
6596 177 8130
6596 177 8163
6596 177 8168
6596 177 8169
6596 177 8174
6596 177 8178
6596 177 8186
6596 177 8192
6596 177 8198
6596 177 8209
6596 177 8212
6596 177 8219
6596 177 8237
6596 177 8249
6598 6 1403
6598 6 5002
6598 6 5543
6598 6 5902
6598 6 6599
6598 6 7855
6601 1 6600
6602 1 6600
6603 1 6600
6604 1 6600
6605 10 1352
6605 10 2620
6605 10 4712
6605 10 5210
6605 10 5950
6605 10 6156
6605 10 6501
6605 10 6600
6605 10 6632
6605 10 6634
6607 4 1352
6607 4 4712
6607 4 5827
6607 4 6047
6608 18 2160
6608 18 3830
6608 18 4065
6608 18 4441
6608 18 4709
6608 18 5188
6608 18 5254
6608 18 5818
6608 18 5824
6608 18 5827
6608 18 5829
6608 18 5871
6608 18 5950
6608 18 6323
6608 18 6665
6608 18 6707
6608 18 6770
6608 18 6778
6612 7 5012
6612 7 6305
6612 7 6330
6612 7 6765
6612 7 6938
6612 7 6953
6612 7 7115
6618 91 840
6618 91 2565
6618 91 2785
6618 91 3293
6618 91 3297
6618 91 3803
6618 91 4037
6618 91 4666
6618 91 4934
6618 91 4940
6618 91 4944
6618 91 4992
6618 91 5002
6618 91 5012
6618 91 5022
6618 91 5179
6618 91 5210
6618 91 5233
6618 91 5246
6618 91 5432
6618 91 5465
6618 91 5524
6618 91 5543
6618 91 5697
6618 91 5773
6618 91 5776
6618 91 5800
6618 91 5806
6618 91 5807
6618 91 5812
6618 91 5814
6618 91 5822
6618 91 5932
6618 91 5998
6618 91 6000
6618 91 6001
6618 91 6097
6618 91 6123
6618 91 6270
6618 91 6272
6618 91 6305
6618 91 6320
6618 91 6327
6618 91 6634
6618 91 6765
6618 91 6780
6618 91 6784
6618 91 6832
6618 91 6860
6618 91 6913
6618 91 6924
6618 91 6946
6618 91 6955
6618 91 6994
6618 91 7040
6618 91 7073
6618 91 7094
6618 91 7101
6618 91 7115
6618 91 7116
6618 91 7119
6618 91 7131
6618 91 7144
6618 91 7161
6618 91 7238
6618 91 7243
6618 91 7262
6618 91 7279
6618 91 7280
6618 91 7306
6618 91 7318
6618 91 7381
6618 91 7389
6618 91 7414
6618 91 7490
6618 91 7529
6618 91 7533
6618 91 7553
6618 91 7561
6618 91 7604
6618 91 7620
6618 91 7632
6618 91 7683
6618 91 7765
6618 91 7810
6618 91 7833
6618 91 7961
6618 91 8121
6618 91 8130
6618 91 8169
6618 91 8276
6619 104 155
6619 104 1403
6619 104 2511
6619 104 2589
6619 104 2851
6619 104 2940
6619 104 3334
6619 104 3346
6619 104 3726
6619 104 4218
6619 104 4361
6619 104 4536
6619 104 4666
6619 104 4944
6619 104 5002
6619 104 5012
6619 104 5020
6619 104 5233
6619 104 5298
6619 104 5404
6619 104 5421
6619 104 5432
6619 104 5465
6619 104 5524
6619 104 5760
6619 104 5773
6619 104 5800
6619 104 5806
6619 104 5811
6619 104 5814
6619 104 5822
6619 104 5872
6619 104 5897
6619 104 5932
6619 104 5969
6619 104 5998
6619 104 6097
6619 104 6123
6619 104 6227
6619 104 6243
6619 104 6272
6619 104 6299
6619 104 6305
6619 104 6327
6619 104 6330
6619 104 6417
6619 104 6442
6619 104 6555
6619 104 6596
6619 104 6634
6619 104 6765
6619 104 6774
6619 104 6784
6619 104 6789
6619 104 6832
6619 104 6855
6619 104 6897
6619 104 6913
6619 104 6930
6619 104 6934
6619 104 6946
6619 104 6955
6619 104 6976
6619 104 7092
6619 104 7101
6619 104 7108
6619 104 7115
6619 104 7116
6619 104 7144
6619 104 7162
6619 104 7185
6619 104 7186
6619 104 7214
6619 104 7237
6619 104 7279
6619 104 7295
6619 104 7306
6619 104 7315
6619 104 7323
6619 104 7341
6619 104 7362
6619 104 7373
6619 104 7381
6619 104 7386
6619 104 7387
6619 104 7397
6619 104 7400
6619 104 7414
6619 104 7423
6619 104 7436
6619 104 7439
6619 104 7440
6619 104 7508
6619 104 7510
6619 104 7529
6619 104 7553
6619 104 7593
6619 104 7624
6619 104 7632
6619 104 7642
6619 104 7648
6619 104 7651
6619 104 7658
6619 104 7662
6613 9 3809
6613 9 4037
6613 9 4666
6613 9 5384
6613 9 6305
6613 9 6414
6613 9 6948
6613 9 7587
6613 9 7620
6614 2 4037
6614 2 6305
6615 160 1403
6615 160 1549
6615 160 1865
6615 160 1982
6615 160 2160
6615 160 2511
6615 160 2565
6615 160 2785
6615 160 2851
6615 160 2940
6615 160 3310
6615 160 3334
6615 160 3346
6615 160 3381
6615 160 3459
6615 160 3631
6615 160 3726
6615 160 3792
6615 160 3809
6615 160 3885
6615 160 4037
6615 160 4218
6615 160 4361
6615 160 4488
6615 160 4536
6615 160 4666
6615 160 4713
6615 160 4764
6615 160 4944
6615 160 4992
6615 160 5012
6615 160 5148
6615 160 5199
6615 160 5233
6615 160 5288
6615 160 5295
6615 160 5321
6615 160 5384
6615 160 5404
6615 160 5432
6615 160 5484
6615 160 5543
6615 160 5563
6615 160 5582
6615 160 5596
6615 160 5671
6615 160 5697
6615 160 5739
6615 160 5760
6615 160 5773
6615 160 5776
6615 160 5800
6615 160 5807
6615 160 5811
6615 160 5814
6615 160 5818
6615 160 5822
6615 160 5829
6615 160 5871
6615 160 5897
6615 160 5922
6615 160 6001
6615 160 6004
6615 160 6097
6615 160 6123
6615 160 6198
6615 160 6270
6615 160 6272
6615 160 6299
6615 160 6305
6615 160 6327
6615 160 6330
6615 160 6347
6615 160 6388
6615 160 6414
6615 160 6417
6615 160 6442
6615 160 6503
6615 160 6523
6615 160 6555
6615 160 6560
6615 160 6624
6615 160 6714
6615 160 6736
6615 160 6765
6615 160 6770
6615 160 6772
6615 160 6774
6615 160 6783
6615 160 6784
6615 160 6789
6615 160 6790
6615 160 6832
6615 160 6833
6615 160 6850
6615 160 6855
6615 160 6869
6615 160 6873
6615 160 6890
6615 160 6892
6615 160 6901
6615 160 6913
6615 160 6930
6615 160 6945
6615 160 6946
6615 160 6955
6615 160 6976
6615 160 6979
6615 160 6980
6615 160 6994
6615 160 7040
6615 160 7052
6615 160 7059
6615 160 7062
6615 160 7073
6615 160 7101
6615 160 7108
6615 160 7115
6615 160 7119
6615 160 7131
6615 160 7143
6615 160 7144
6615 160 7168
6615 160 7185
6615 160 7186
6615 160 7201
6615 160 7214
6615 160 7243
6615 160 7279
6615 160 7280
6615 160 7295
6615 160 7301
6615 160 7304
6615 160 7306
6615 160 7315
6615 160 7319
6615 160 7351
6615 160 7362
6615 160 7373
6615 160 7381
6615 160 7386
6615 160 7397
6615 160 7414
6615 160 7422
6615 160 7423
6615 160 7436
6615 160 7439
6615 160 7442
6615 160 7443
6615 160 7449
6615 160 7450
6615 160 7478
6615 160 7544
6615 160 7695
6615 160 7699
6615 160 7707
6615 160 7726
6615 160 7740
6615 160 7757
6615 160 7763
6616 18 2565
6616 18 4037
6616 18 4536
6616 18 5012
6616 18 5404
6616 18 5500
6616 18 5697
6616 18 5922
6616 18 6305
6616 18 6330
6616 18 6414
6616 18 6560
6616 18 6714
6616 18 6897
6616 18 6934
6616 18 7040
6616 18 7301
6616 18 7557
6617 1 6305
6622 5 2851
6622 5 3346
6622 5 6623
6622 5 6736
6622 5 7146
6624 135 967
6624 135 1191
6624 135 1403
6624 135 1498
6624 135 2511
6624 135 2565
6624 135 2620
6624 135 2658
6624 135 2851
6624 135 2940
6624 135 3000
6624 135 3238
6624 135 3293
6624 135 3310
6624 135 3381
6624 135 3459
6624 135 3631
6624 135 3726
6624 135 3752
6624 135 3885
6624 135 3962
6624 135 3969
6624 135 4037
6624 135 4071
6624 135 4341
6624 135 4361
6624 135 4435
6624 135 4632
6624 135 4981
6624 135 5002
6624 135 5028
6624 135 5148
6624 135 5288
6624 135 5289
6624 135 5404
6624 135 5432
6624 135 5465
6624 135 5605
6624 135 5614
6624 135 5671
6624 135 5760
6624 135 5800
6624 135 5806
6624 135 5835
6624 135 5839
6624 135 5872
6624 135 5897
6624 135 5902
6624 135 5933
6624 135 6032
6624 135 6043
6624 135 6044
6624 135 6123
6624 135 6151
6624 135 6174
6624 135 6241
6624 135 6243
6624 135 6299
6624 135 6414
6624 135 6442
6624 135 6555
6624 135 6560
6624 135 6665
6624 135 6712
6624 135 6780
6624 135 6832
6624 135 6907
6624 135 6913
6624 135 6914
6624 135 6918
6624 135 6934
6624 135 6946
6624 135 6980
6624 135 7005
6624 135 7012
6624 135 7047
6624 135 7052
6624 135 7054
6624 135 7092
6624 135 7131
6624 135 7225
6624 135 7237
6624 135 7277
6624 135 7280
6624 135 7378
6624 135 7381
6624 135 7400
6624 135 7414
6624 135 7443
6624 135 7450
6624 135 7478
6624 135 7510
6624 135 7512
6624 135 7529
6624 135 7533
6624 135 7544
6624 135 7561
6624 135 7587
6624 135 7618
6624 135 7620
6624 135 7624
6624 135 7632
6624 135 7646
6624 135 7649
6624 135 7651
6624 135 7662
6624 135 7683
6624 135 7694
6624 135 7695
6624 135 7757
6624 135 7763
6624 135 7799
6624 135 7803
6624 135 7809
6624 135 7813
6624 135 7839
6624 135 7855
6624 135 7860
6624 135 7862
6624 135 7871
6624 135 7882
6624 135 7890
6624 135 7908
6624 135 7910
6624 135 7912
6624 135 7927
6624 135 7946
6624 135 7992
6624 135 8037
6624 135 8042
6624 135 8044
6624 135 8121
6624 135 8122
6624 135 8124
6624 135 8128
6625 3 2620
6625 3 6227
6625 3 6634
6627 50 155
6627 50 1982
6627 50 2620
6627 50 3346
6627 50 3459
6627 50 4065
6627 50 4361
6627 50 4412
6627 50 4536
6627 50 4632
6627 50 4712
6627 50 5028
6627 50 5210
6627 50 5254
6627 50 5465
6627 50 5484
6627 50 5543
6627 50 5760
6627 50 5773
6627 50 5835
6627 50 5922
6627 50 5950
6627 50 6004
6627 50 6330
6627 50 6424
6627 50 6503
6627 50 6595
6627 50 6634
6627 50 6663
6627 50 6790
6627 50 6809
6627 50 6833
6627 50 6840
6627 50 6850
6627 50 6855
6627 50 6946
6627 50 6953
6627 50 6979
6627 50 7054
6627 50 7062
6627 50 7094
6627 50 7115
6627 50 7378
6627 50 7529
6627 50 7587
6627 50 7588
6627 50 7620
6627 50 7910
6627 50 8141
6627 50 8178
6626 9 2620
6626 9 4712
6626 9 5002
6626 9 6221
6626 9 6595
6626 9 6634
6626 9 6665
6626 9 6682
6626 9 6715
6630 1 3919
6634 3 6946
6634 3 8042
6634 3 8163
6636 2 4037
6636 2 6634
6633 1 6634
6635 9 3752
6635 9 5543
6635 9 6634
6635 9 6784
6635 9 6913
6635 9 7047
6635 9 7478
6635 9 7662
6635 9 7699
6639 1 6641
6643 2 4037
6643 2 5254
6644 1 5254
6645 2 5254
6645 2 5714
6646 4 4037
6646 4 5254
6646 4 7301
6646 4 7478
6647 1 5254
6655 7 3346
6655 7 5254
6655 7 6624
6655 7 6665
6655 7 6784
6655 7 7301
6655 7 7478
6648 3 1026
6648 3 5254
6648 3 7050
6649 26 3792
6649 26 4037
6649 26 4134
6649 26 4488
6649 26 4944
6649 26 5254
6649 26 5524
6649 26 5543
6649 26 5563
6649 26 5596
6649 26 5739
6649 26 5760
6649 26 5818
6649 26 5932
6649 26 5998
6649 26 6227
6649 26 6272
6649 26 6784
6649 26 6855
6649 26 6860
6649 26 6869
6649 26 6873
6649 26 6901
6649 26 6930
6649 26 6934
6649 26 7110
6650 1 5254
6651 1 5254
6652 1 5254
6653 1 5254
6654 1 5254
6656 1 5255
6657 11 3293
6657 11 3962
6657 11 4712
6657 11 5839
6657 11 6715
6657 11 6774
6657 11 7279
6657 11 7840
6657 11 7961
6657 11 8128
6657 11 8132
6658 5 4712
6658 5 4875
6658 5 5563
6658 5 6780
6658 5 6833
6609 7 840
6609 7 1549
6609 7 4536
6609 7 5210
6609 7 5298
6609 7 6327
6609 7 6965
6660 1 6661
6551 2 5524
6551 2 5950
6665 29 1498
6665 29 2658
6665 29 2785
6665 29 3631
6665 29 3830
6665 29 4065
6665 29 4412
6665 29 4441
6665 29 4884
6665 29 5028
6665 29 5037
6665 29 5288
6665 29 5465
6665 29 5697
6665 29 5824
6665 29 5950
6665 29 6221
6665 29 6503
6665 29 6699
6665 29 6715
6665 29 6833
6665 29 7101
6665 29 7108
6665 29 7116
6665 29 7214
6665 29 7618
6665 29 7620
6665 29 7624
6665 29 8028
6666 6 5950
6666 6 6221
6666 6 6299
6666 6 6595
6666 6 6699
6666 6 6715
6671 4 5760
6671 4 6156
6671 4 6832
6671 4 7131
6672 1 6156
6673 1 6156
6674 1 6156
6675 1 6156
6676 6 2658
6676 6 5079
6676 6 5738
6676 6 6156
6676 6 7092
6676 6 7620
6677 1 6156
6678 1 6156
6679 1 6156
6683 3 6682
6683 3 6685
6683 3 6686
6684 1 6685
6687 1 6691
6688 1 6691
6689 1 6691
6690 1 6691
6695 2 4412
6695 2 7632
6696 2 4412
6696 2 6770
6697 1 6699
6698 1 6699
6701 1 6700
6702 10 1403
6702 10 3334
6702 10 4944
6702 10 5079
6702 10 5839
6702 10 5872
6702 10 6555
6702 10 6700
6702 10 7225
6702 10 7381
6703 1 6221
6705 1 5824
6706 3 5002
6706 3 5824
6706 3 8297
6710 2 737
6710 2 6715
6711 7 967
6711 7 3803
6711 7 6299
6711 7 6715
6711 7 7063
6711 7 7115
6711 7 7119
6712 11 4764
6712 11 5148
6712 11 5671
6712 11 6414
6712 11 6442
6712 11 6715
6712 11 6933
6712 11 7443
6712 11 7544
6712 11 7675
6712 11 7795
6713 4 155
6713 4 967
6713 4 6715
6713 4 7092
6714 100 155
6714 100 1026
6714 100 1403
6714 100 2565
6714 100 2785
6714 100 2851
6714 100 2940
6714 100 3334
6714 100 3346
6714 100 3459
6714 100 3631
6714 100 3726
6714 100 3809
6714 100 3885
6714 100 4361
6714 100 4632
6714 100 4713
6714 100 4875
6714 100 4884
6714 100 5002
6714 100 5028
6714 100 5199
6714 100 5233
6714 100 5289
6714 100 5321
6714 100 5404
6714 100 5421
6714 100 5432
6714 100 5582
6714 100 5596
6714 100 5714
6714 100 5745
6714 100 5760
6714 100 5800
6714 100 5806
6714 100 5822
6714 100 5835
6714 100 5872
6714 100 5897
6714 100 5902
6714 100 6000
6714 100 6097
6714 100 6123
6714 100 6243
6714 100 6299
6714 100 6417
6714 100 6442
6714 100 6503
6714 100 6523
6714 100 6560
6714 100 6665
6714 100 6715
6714 100 6736
6714 100 6770
6714 100 6774
6714 100 6784
6714 100 6789
6714 100 6803
6714 100 6832
6714 100 6833
6714 100 6913
6714 100 6934
6714 100 6946
6714 100 6976
6714 100 7052
6714 100 7054
6714 100 7074
6714 100 7088
6714 100 7131
6714 100 7214
6714 100 7237
6714 100 7262
6714 100 7279
6714 100 7295
6714 100 7301
6714 100 7315
6714 100 7351
6714 100 7365
6714 100 7373
6714 100 7378
6714 100 7381
6714 100 7414
6714 100 7422
6714 100 7423
6714 100 7442
6714 100 7450
6714 100 7478
6714 100 7491
6714 100 7497
6714 100 7510
6714 100 7512
6714 100 7520
6714 100 7553
6714 100 7561
6714 100 7618
6714 100 7620
6714 100 7632
6714 100 7646
6714 100 7651
6714 100 7662
6718 1 6720
6717 4 2160
6717 4 6720
6717 4 6778
6717 4 6869
6719 3 2940
6719 3 6004
6719 3 6720
6727 1 5002
6728 1 5002
6611 15 2785
6611 15 3459
6611 15 5020
6611 15 5543
6611 15 5563
6611 15 5739
6611 15 5969
6611 15 6270
6611 15 6327
6611 15 6414
6611 15 6784
6611 15 6913
6611 15 6930
6611 15 7101
6611 15 7215
6729 1 6665
6730 1 6665
6731 1 6665
6732 1 6665
6734 2 5802
6734 2 7632
6735 1 6739
6736 33 1982
6736 33 4401
6736 33 4488
6736 33 4536
6736 33 4764
6736 33 5321
6736 33 5543
6736 33 5596
6736 33 5655
6736 33 5697
6736 33 5739
6736 33 5800
6736 33 5818
6736 33 5839
6736 33 5871
6736 33 6001
6736 33 6347
6736 33 6422
6736 33 6739
6736 33 6774
6736 33 6783
6736 33 6788
6736 33 6832
6736 33 6833
6736 33 6850
6736 33 6860
6736 33 6869
6736 33 6873
6736 33 6892
6736 33 6901
6736 33 6930
6736 33 7021
6736 33 7620
6737 1 6739
6738 1 6739
6744 2 2160
6744 2 8297
6745 1 8297
6746 2 6736
6746 2 8297
6749 1 6491
6751 2 1493
6751 2 6757
6726 12 1493
6726 12 5596
6726 12 5800
6726 12 5829
6726 12 6001
6726 12 6004
6726 12 6323
6726 12 6347
6726 12 6770
6726 12 6833
6726 12 6850
6726 12 6869
6752 1 5037
6753 4 2160
6753 4 5037
6753 4 6442
6753 4 6890
6755 2 6503
6755 2 6774
6758 10 1498
6758 10 3830
6758 10 5871
6758 10 6123
6758 10 6243
6758 10 7279
6758 10 7407
6758 10 7478
6758 10 7632
6758 10 8121
6760 2 3830
6760 2 6618
6759 3 155
6759 3 3830
6759 3 7669
6761 1 3830
6764 1 4709
6765 1 4709
6766 22 155
6766 22 3459
6766 22 3885
6766 22 4361
6766 22 4401
6766 22 4709
6766 22 5432
6766 22 5835
6766 22 6347
6766 22 7185
6766 22 7306
6766 22 7378
6766 22 7512
6766 22 7520
6766 22 7561
6766 22 7583
6766 22 7587
6766 22 7624
6766 22 7695
6766 22 7763
6766 22 8051
6766 22 8224
6767 2 4709
6767 2 6004
6768 1 6613
6770 6 5543
6770 6 5806
6770 6 5871
6770 6 7050
6770 6 7063
6770 6 7961
6771 2 5871
6771 2 6833
6772 77 155
6772 77 1982
6772 77 3084
6772 77 3346
6772 77 3885
6772 77 4134
6772 77 4488
6772 77 4507
6772 77 4940
6772 77 4983
6772 77 5020
6772 77 5179
6772 77 5199
6772 77 5233
6772 77 5321
6772 77 5432
6772 77 5524
6772 77 5563
6772 77 5596
6772 77 5714
6772 77 5739
6772 77 5773
6772 77 5800
6772 77 5806
6772 77 5818
6772 77 5819
6772 77 5829
6772 77 5871
6772 77 5872
6772 77 6000
6772 77 6001
6772 77 6032
6772 77 6123
6772 77 6198
6772 77 6327
6772 77 6388
6772 77 6417
6772 77 6555
6772 77 6596
6772 77 6618
6772 77 6783
6772 77 6789
6772 77 6803
6772 77 6806
6772 77 6809
6772 77 6832
6772 77 6833
6772 77 6850
6772 77 6901
6772 77 6913
6772 77 6914
6772 77 6946
6772 77 6976
6772 77 6979
6772 77 6980
6772 77 7012
6772 77 7021
6772 77 7185
6772 77 7225
6772 77 7279
6772 77 7289
6772 77 7306
6772 77 7423
6772 77 7497
6772 77 7553
6772 77 7620
6772 77 7632
6772 77 7642
6772 77 7662
6772 77 7791
6772 77 7835
6772 77 7862
6772 77 8019
6772 77 8021
6772 77 8083
6772 77 8169
6772 77 8178
6775 3 5871
6775 3 6770
6775 3 7632
6773 1 5871
6774 24 1982
6774 24 3084
6774 24 4981
6774 24 4983
6774 24 5079
6774 24 5148
6774 24 5739
6774 24 5814
6774 24 5839
6774 24 5871
6774 24 6123
6774 24 6243
6774 24 6272
6774 24 6618
6774 24 6832
6774 24 6913
6774 24 6993
6774 24 7005
6774 24 7021
6774 24 7386
6774 24 7414
6774 24 7553
6774 24 7620
6774 24 7810
6779 3 5484
6779 3 6004
6779 3 7478
6780 6 4071
6780 6 5671
6780 6 5819
6780 6 6004
6780 6 7813
6780 6 7890
6781 8 2160
6781 8 4764
6781 8 5697
6781 8 6004
6781 8 6523
6781 8 6789
6781 8 6833
6781 8 6979
6782 1 6004
6783 4 5596
6783 4 5829
6783 4 6004
6783 4 6323
6784 42 840
6784 42 2658
6784 42 3459
6784 42 3792
6784 42 3885
6784 42 5002
6784 42 5028
6784 42 5079
6784 42 5199
6784 42 5484
6784 42 5596
6784 42 5800
6784 42 5806
6784 42 5818
6784 42 5839
6784 42 5902
6784 42 6000
6784 42 6004
6784 42 6414
6784 42 6634
6784 42 6790
6784 42 6855
6784 42 6860
6784 42 6901
6784 42 6913
6784 42 6920
6784 42 6934
6784 42 6942
6784 42 7054
6784 42 7088
6784 42 7092
6784 42 7131
6784 42 7279
6784 42 7414
6784 42 7422
6784 42 7442
6784 42 7450
6784 42 7497
6784 42 7512
6784 42 7620
6784 42 7651
6784 42 7992
6787 1 6788
6789 11 4361
6789 11 5199
6789 11 5800
6789 11 6299
6789 11 6417
6789 11 6634
6789 11 6832
6789 11 7295
6789 11 7414
6789 11 7442
6789 11 7449
6790 11 840
6790 11 1549
6790 11 1982
6790 11 2565
6790 11 3459
6790 11 4536
6790 11 5822
6790 11 6323
6790 11 6330
6790 11 6555
6790 11 6624
6793 1 2160
6794 1 2160
6795 2 2160
6795 2 6044
6797 1 5714
6798 1 5714
6800 1 5714
6801 6 3752
6801 6 5714
6801 6 5773
6801 6 7050
6801 6 7414
6801 6 8174
6802 3 6755
6802 3 6803
6802 3 7243
6804 6 6770
6804 6 6805
6804 6 6907
6804 6 7237
6804 6 7414
6804 6 7561
6809 2 6001
6809 2 8249
6808 1 6809
6807 1 6809
6810 1 6770
6812 2 6770
6812 2 7662
6811 1 6770
6813 1 5596
6815 4 5288
6815 4 5321
6815 4 6388
6815 4 6783
6816 1 5321
6818 2 5529
6818 2 6347
6819 1 6347
6821 1 5829
6822 2 5818
6822 2 5829
6824 1 5829
6776 3 5800
6776 3 5829
6776 3 6855
6828 1 4713
6829 4 4536
6829 4 4713
6829 4 6330
6829 4 6833
6833 1 5404
6834 2 4037
6834 2 6833
6835 1 6833
6836 1 6833
6837 1 4764
6841 2 5210
6841 2 5596
6842 1 5596
6843 1 5596
6844 1 5596
6845 2 6832
6845 2 6850
6846 6 5563
6846 6 6388
6846 6 6850
6846 6 6855
6846 6 6860
6846 6 6930
6848 14 2565
6848 14 4361
6848 14 5020
6848 14 5800
6848 14 6327
6848 14 6774
6848 14 6784
6848 14 6850
6848 14 6869
6848 14 6901
6848 14 6913
6848 14 7074
6848 14 7101
6848 14 7143
6847 1 6850
6852 1 6388
6855 14 2565
6855 14 3084
6855 14 5079
6855 14 5524
6855 14 5773
6855 14 5814
6855 14 6634
6855 14 6832
6855 14 7005
6855 14 7094
6855 14 7185
6855 14 7757
6855 14 8042
6855 14 8128
6854 1 6855
6859 11 4037
6859 11 5022
6859 11 5524
6859 11 5776
6859 11 6272
6859 11 6634
6859 11 6860
6859 11 8037
6859 11 8163
6859 11 8204
6859 11 8226
6620 93 840
6620 93 1403
6620 93 1549
6620 93 1982
6620 93 2511
6620 93 2565
6620 93 2785
6620 93 2851
6620 93 3346
6620 93 3459
6620 93 3631
6620 93 3726
6620 93 3792
6620 93 3803
6620 93 3809
6620 93 4037
6620 93 4134
6620 93 4536
6620 93 4666
6620 93 4944
6620 93 4992
6620 93 5012
6620 93 5288
6620 93 5295
6620 93 5384
6620 93 5404
6620 93 5432
6620 93 5484
6620 93 5524
6620 93 5543
6620 93 5563
6620 93 5582
6620 93 5697
6620 93 5739
6620 93 5773
6620 93 5776
6620 93 5800
6620 93 5807
6620 93 5811
6620 93 5814
6620 93 5818
6620 93 5822
6620 93 5922
6620 93 5932
6620 93 5998
6620 93 6097
6620 93 6227
6620 93 6270
6620 93 6272
6620 93 6327
6620 93 6414
6620 93 6523
6620 93 6560
6620 93 6624
6620 93 6634
6620 93 6736
6620 93 6774
6620 93 6784
6620 93 6790
6620 93 6832
6620 93 6860
6620 93 6873
6620 93 6897
6620 93 6901
6620 93 6930
6620 93 6942
6620 93 6945
6620 93 6946
6620 93 6948
6620 93 6955
6620 93 6976
6620 93 6982
6620 93 7040
6620 93 7052
6620 93 7073
6620 93 7074
6620 93 7094
6620 93 7101
6620 93 7108
6620 93 7115
6620 93 7119
6620 93 7143
6620 93 7144
6620 93 7168
6620 93 7185
6620 93 7186
6620 93 7201
6620 93 7214
6620 93 7257
6620 93 7301
6620 93 7304
6620 93 7306
6620 93 7632
6861 2 3792
6861 2 6930
6862 1 3792
6863 2 3792
6863 2 4037
6864 2 3792
6864 2 6327
6866 4 3238
6866 4 3792
6866 4 7695
6866 4 7979
6867 5 4488
6867 5 5543
6867 5 5800
6867 5 6001
6867 5 7373
6869 1 7214
6865 19 3459
6865 19 4009
6865 19 5543
6865 19 5563
6865 19 5739
6865 19 5800
6865 19 5811
6865 19 5818
6865 19 6001
6865 19 6560
6865 19 6618
6865 19 6832
6865 19 6869
6865 19 6901
6865 19 6913
6865 19 6930
6865 19 7021
6865 19 7074
6865 19 7620
6870 3 5800
6870 3 6869
6870 3 6873
6875 15 4432
6875 15 5289
6875 15 5818
6875 15 5922
6875 15 6032
6875 15 6442
6875 15 6634
6875 15 6980
6875 15 7443
6875 15 7553
6875 15 7561
6875 15 7965
6875 15 8168
6875 15 8174
6875 15 8212
6876 1 5818
6877 1 5818
6878 1 5818
6880 2 6327
6880 2 6560
6881 1 6560
6883 4 5776
6883 4 6001
6883 4 6327
6883 4 6523
6884 1 6001
6885 19 3334
6885 19 4037
6885 19 5079
6885 19 5404
6885 19 5671
6885 19 6001
6885 19 6307
6885 19 6442
6885 19 6560
6885 19 6634
6885 19 6784
6885 19 7050
6885 19 7422
6885 19 7553
6885 19 7620
6885 19 7646
6885 19 7707
6885 19 8168
6885 19 8249
6747 4 4037
6747 4 5773
6747 4 6001
6747 4 6414
6886 7 840
6886 7 3803
6886 7 4037
6886 7 6001
6886 7 6097
6886 7 6790
6886 7 7143
6895 6 5563
6895 6 6032
6895 6 6097
6895 6 6832
6895 6 6897
6895 6 7809
6896 4 4134
6896 4 5543
6896 4 6897
6896 4 6934
6899 2 5800
6899 2 6774
6900 31 2658
6900 31 3297
6900 31 3334
6900 31 3459
6900 31 4037
6900 31 4536
6900 31 4632
6900 31 4875
6900 31 5022
6900 31 5210
6900 31 5378
6900 31 5524
6900 31 5605
6900 31 5800
6900 31 5811
6900 31 5902
6900 31 6330
6900 31 6560
6900 31 6918
6900 31 6945
6900 31 7088
6900 31 7092
6900 31 7131
6900 31 7279
6900 31 7422
6900 31 7478
6900 31 7553
6900 31 7620
6900 31 7961
6900 31 8121
6900 31 8134
6902 28 2511
6902 28 2851
6902 28 3334
6902 28 3752
6902 28 4037
6902 28 4875
6902 28 5179
6902 28 5288
6902 28 5289
6902 28 5563
6902 28 5614
6902 28 5739
6902 28 5773
6902 28 5872
6902 28 5887
6902 28 6241
6902 28 6901
6902 28 6914
6902 28 7092
6902 28 7237
6902 28 7400
6902 28 7436
6902 28 7520
6902 28 7553
6902 28 7683
6902 28 7928
6902 28 8073
6902 28 8121
6903 1 6904
6913 44 840
6913 44 2511
6913 44 2565
6913 44 2785
6913 44 3631
6913 44 3803
6913 44 4037
6913 44 4361
6913 44 4536
6913 44 4666
6913 44 4944
6913 44 5484
6913 44 5772
6913 44 5773
6913 44 5776
6913 44 5814
6913 44 5822
6913 44 5932
6913 44 5969
6913 44 5998
6913 44 6270
6913 44 6327
6913 44 6330
6913 44 6555
6913 44 6624
6913 44 6634
6913 44 6714
6913 44 6736
6913 44 6774
6913 44 6784
6913 44 6832
6913 44 6917
6913 44 6946
6913 44 7052
6913 44 7073
6913 44 7074
6913 44 7101
6913 44 7108
6913 44 7119
6913 44 7143
6913 44 7149
6913 44 7168
6913 44 7185
6913 44 7214
6905 1 5484
6914 95 155
6914 95 938
6914 95 2658
6914 95 2851
6914 95 3297
6914 95 3346
6914 95 3459
6914 95 3885
6914 95 3962
6914 95 4361
6914 95 4632
6914 95 4875
6914 95 4940
6914 95 4966
6914 95 5012
6914 95 5022
6914 95 5179
6914 95 5288
6914 95 5404
6914 95 5406
6914 95 5484
6914 95 5500
6914 95 5529
6914 95 5582
6914 95 5605
6914 95 5671
6914 95 5760
6914 95 5773
6914 95 5800
6914 95 5806
6914 95 5835
6914 95 5839
6914 95 5872
6914 95 5998
6914 95 6000
6914 95 6123
6914 95 6243
6914 95 6270
6914 95 6320
6914 95 6417
6914 95 6503
6914 95 6555
6914 95 6560
6914 95 6618
6914 95 6634
6914 95 6665
6914 95 6714
6914 95 6736
6914 95 6780
6914 95 6784
6914 95 6832
6914 95 6913
6914 95 6946
6914 95 6979
6914 95 6993
6914 95 7012
6914 95 7052
6914 95 7054
6914 95 7063
6914 95 7088
6914 95 7092
6914 95 7131
6914 95 7225
6914 95 7243
6914 95 7246
6914 95 7277
6914 95 7295
6914 95 7306
6914 95 7351
6914 95 7359
6914 95 7373
6914 95 7378
6914 95 7414
6914 95 7422
6914 95 7442
6914 95 7478
6914 95 7491
6914 95 7497
6914 95 7510
6914 95 7512
6914 95 7544
6914 95 7553
6914 95 7587
6914 95 7757
6914 95 7788
6914 95 7803
6914 95 7810
6914 95 7833
6914 95 7862
6914 95 7890
6914 95 7921
6914 95 7924
6914 95 7927
6914 95 8134
6914 95 8141
6915 2 5384
6915 2 5484
6906 49 1403
6906 49 2511
6906 49 2851
6906 49 2940
6906 49 3346
6906 49 3631
6906 49 3726
6906 49 4037
6906 49 4361
6906 49 5012
6906 49 5199
6906 49 5288
6906 49 5404
6906 49 5432
6906 49 5484
6906 49 5582
6906 49 5760
6906 49 5773
6906 49 5776
6906 49 5814
6906 49 5897
6906 49 6123
6906 49 6299
6906 49 6327
6906 49 6414
6906 49 6417
6906 49 6503
6906 49 6634
6906 49 6714
6906 49 6736
6906 49 6784
6906 49 6789
6906 49 6832
6906 49 6913
6906 49 6976
6906 49 7101
6906 49 7108
6906 49 7115
6906 49 7119
6906 49 7143
6906 49 7144
6906 49 7185
6906 49 7186
6906 49 7214
6906 49 7295
6906 49 7301
6906 49 7306
6906 49 7351
6906 49 7381
6907 191 155
6907 191 840
6907 191 938
6907 191 967
6907 191 1191
6907 191 1403
6907 191 1498
6907 191 2223
6907 191 2511
6907 191 2658
6907 191 2785
6907 191 2851
6907 191 3000
6907 191 3084
6907 191 3238
6907 191 3293
6907 191 3297
6907 191 3310
6907 191 3346
6907 191 3381
6907 191 3631
6907 191 3726
6907 191 3752
6907 191 3885
6907 191 3962
6907 191 3969
6907 191 4037
6907 191 4071
6907 191 4341
6907 191 4361
6907 191 4401
6907 191 4432
6907 191 4632
6907 191 4875
6907 191 4879
6907 191 4944
6907 191 4983
6907 191 5002
6907 191 5022
6907 191 5028
6907 191 5064
6907 191 5079
6907 191 5148
6907 191 5179
6907 191 5199
6907 191 5210
6907 191 5233
6907 191 5288
6907 191 5378
6907 191 5404
6907 191 5421
6907 191 5432
6907 191 5465
6907 191 5466
6907 191 5484
6907 191 5500
6907 191 5529
6907 191 5582
6907 191 5605
6907 191 5760
6907 191 5773
6907 191 5776
6907 191 5800
6907 191 5806
6907 191 5812
6907 191 5814
6907 191 5835
6907 191 5839
6907 191 5872
6907 191 5897
6907 191 5902
6907 191 6000
6907 191 6043
6907 191 6044
6907 191 6123
6907 191 6241
6907 191 6243
6907 191 6299
6907 191 6320
6907 191 6414
6907 191 6417
6907 191 6442
6907 191 6503
6907 191 6523
6907 191 6555
6907 191 6560
6907 191 6618
6907 191 6634
6907 191 6665
6907 191 6712
6907 191 6714
6907 191 6780
6907 191 6784
6907 191 6789
6907 191 6832
6907 191 6875
6907 191 6913
6907 191 6914
6907 191 6918
6907 191 6934
6907 191 6946
6907 191 6976
6907 191 6979
6907 191 6994
6907 191 7005
6907 191 7012
6907 191 7021
6907 191 7052
6907 191 7054
6907 191 7063
6907 191 7092
6907 191 7101
6907 191 7108
6907 191 7116
6907 191 7131
6907 191 7144
6907 191 7214
6907 191 7225
6907 191 7233
6907 191 7237
6907 191 7254
6907 191 7279
6907 191 7280
6907 191 7359
6907 191 7373
6907 191 7378
6907 191 7381
6907 191 7386
6907 191 7389
6907 191 7391
6907 191 7400
6907 191 7414
6907 191 7423
6907 191 7478
6907 191 7497
6907 191 7510
6907 191 7529
6907 191 7553
6907 191 7561
6907 191 7618
6907 191 7620
6907 191 7624
6907 191 7632
6907 191 7646
6907 191 7647
6907 191 7649
6907 191 7651
6907 191 7652
6907 191 7662
6907 191 7683
6907 191 7688
6907 191 7694
6907 191 7695
6907 191 7707
6907 191 7726
6907 191 7757
6907 191 7763
6907 191 7788
6907 191 7795
6907 191 7803
6907 191 7809
6907 191 7813
6907 191 7835
6907 191 7860
6907 191 7874
6907 191 7879
6907 191 7882
6907 191 7908
6907 191 7912
6907 191 7924
6907 191 7961
6907 191 7965
6907 191 7992
6907 191 8042
6907 191 8044
6907 191 8083
6907 191 8090
6907 191 8121
6907 191 8122
6907 191 8128
6907 191 8134
6907 191 8141
6907 191 8163
6907 191 8168
6907 191 8169
6907 191 8174
6907 191 8178
6907 191 8192
6907 191 8209
6907 191 8219
6907 191 8237
6908 1 5484
6909 1 5484
6910 1 5484
6916 54 155
6916 54 1026
6916 54 1403
6916 54 2658
6916 54 3334
6916 54 3459
6916 54 3770
6916 54 4037
6916 54 4507
6916 54 4875
6916 54 4884
6916 54 4940
6916 54 5179
6916 54 5289
6916 54 5406
6916 54 5484
6916 54 5582
6916 54 5806
6916 54 5872
6916 54 6000
6916 54 6330
6916 54 6503
6916 54 6618
6916 54 6907
6916 54 6914
6916 54 6946
6916 54 6980
6916 54 7108
6916 54 7131
6916 54 7225
6916 54 7237
6916 54 7279
6916 54 7351
6916 54 7442
6916 54 7450
6916 54 7553
6916 54 7574
6916 54 7587
6916 54 7620
6916 54 7642
6916 54 7740
6916 54 7757
6916 54 7788
6916 54 8002
6916 54 8090
6916 54 8128
6916 54 8134
6916 54 8168
6916 54 8178
6916 54 8219
6916 54 8224
6916 54 8226
6916 54 8235
6916 54 8275
6917 3 5484
6917 3 6634
6917 3 6994
6911 5 5484
6911 5 5582
6911 5 6714
6911 5 6774
6911 5 6976
6912 3 1549
6912 3 5484
6912 3 6790
6918 29 3297
6918 29 3334
6918 29 3631
6918 29 3962
6918 29 4435
6918 29 5179
6918 29 5233
6918 29 5404
6918 29 5466
6918 29 5484
6918 29 6442
6918 29 6560
6918 29 6780
6918 29 6907
6918 29 7021
6918 29 7050
6918 29 7054
6918 29 7092
6918 29 7108
6918 29 7214
6918 29 7400
6918 29 7414
6918 29 7553
6918 29 7604
6918 29 7632
6918 29 7778
6918 29 7927
6918 29 7965
6918 29 7979
6921 1 5543
6922 1 5543
6923 2 5289
6923 2 5739
6924 16 1498
6924 16 5739
6924 16 6044
6924 16 6555
6924 16 6907
6924 16 7092
6924 16 7131
6924 16 7389
6924 16 7588
6924 16 7757
6924 16 7840
6924 16 7927
6924 16 8050
6924 16 8174
6924 16 8224
6924 16 8237
6926 1 6227
6927 1 6227
6928 1 5563
6929 1 6930
6934 65 155
6934 65 1865
6934 65 2565
6934 65 2785
6934 65 2940
6934 65 3238
6934 65 3334
6934 65 3459
6934 65 4009
6934 65 4037
6934 65 4361
6934 65 4884
6934 65 4940
6934 65 4944
6934 65 5012
6934 65 5233
6934 65 5404
6934 65 5524
6934 65 5529
6934 65 5582
6934 65 5800
6934 65 5806
6934 65 5872
6934 65 5922
6934 65 5998
6934 65 6000
6934 65 6097
6934 65 6270
6934 65 6503
6934 65 6560
6934 65 6618
6934 65 6624
6934 65 6634
6934 65 6665
6934 65 6736
6934 65 6765
6934 65 6784
6934 65 6832
6934 65 6907
6934 65 6913
6934 65 6914
6934 65 6946
6934 65 6955
6934 65 6993
6934 65 7052
6934 65 7054
6934 65 7115
6934 65 7119
6934 65 7120
6934 65 7186
6934 65 7214
6934 65 7262
6934 65 7277
6934 65 7378
6934 65 7381
6934 65 7400
6934 65 7497
6934 65 7512
6934 65 7529
6934 65 7561
6934 65 7587
6934 65 7620
6934 65 7683
6934 65 7795
6934 65 7803
6935 2 5524
6935 2 6272
6936 1 5524
6938 4 4134
6938 4 6934
6938 4 7992
6938 4 8019
6940 1 4134
6941 57 155
6941 57 840
6941 57 1026
6941 57 1549
6941 57 2851
6941 57 3000
6941 57 3238
6941 57 3459
6941 57 3726
6941 57 3969
6941 57 4037
6941 57 4134
6941 57 4341
6941 57 4507
6941 57 4940
6941 57 5012
6941 57 5022
6941 57 5028
6941 57 5432
6941 57 5529
6941 57 5745
6941 57 5819
6941 57 5835
6941 57 6241
6941 57 6327
6941 57 6555
6941 57 6560
6941 57 6634
6941 57 6665
6941 57 6765
6941 57 6784
6941 57 6907
6941 57 6913
6941 57 6923
6941 57 6976
6941 57 7047
6941 57 7052
6941 57 7054
6941 57 7131
6941 57 7225
6941 57 7280
6941 57 7301
6941 57 7378
6941 57 7386
6941 57 7400
6941 57 7553
6941 57 7557
6941 57 7561
6941 57 7587
6941 57 7618
6941 57 7620
6941 57 7624
6941 57 7632
6941 57 7809
6941 57 7810
6941 57 7819
6941 57 7833
6943 1 5020
6945 18 4536
6945 18 4875
6945 18 5012
6945 18 5811
6945 18 5872
6945 18 6000
6945 18 6414
6945 18 6560
6945 18 6634
6945 18 7052
6945 18 7054
6945 18 7094
6945 18 7119
6945 18 7529
6945 18 7544
6945 18 7587
6945 18 7763
6945 18 8028
6949 5 1982
6949 5 6765
6949 5 6790
6949 5 6955
6949 5 6979
6947 1 6765
6953 1 6955
6954 3 6330
6954 3 6955
6954 3 6982
6951 47 967
6951 47 1498
6951 47 1549
6951 47 1982
6951 47 2658
6951 47 3084
6951 47 3459
6951 47 4401
6951 47 4432
6951 47 4507
6951 47 4940
6951 47 4983
6951 47 5079
6951 47 5643
6951 47 5697
6951 47 5738
6951 47 6422
6951 47 6555
6951 47 6560
6951 47 6979
6951 47 6980
6951 47 6993
6951 47 7005
6951 47 7021
6951 47 7050
6951 47 7092
6951 47 7386
6951 47 7393
6951 47 7553
6951 47 7636
6951 47 7666
6951 47 7778
6951 47 7810
6951 47 7819
6951 47 7839
6951 47 7881
6951 47 7899
6951 47 7921
6951 47 7924
6951 47 7991
6951 47 8002
6951 47 8007
6951 47 8037
6951 47 8042
6951 47 8079
6951 47 8204
6951 47 8249
6959 5 4536
6959 5 5697
6959 5 5839
6959 5 6243
6959 5 7295
6692 6 5288
6692 6 5697
6692 6 7021
6692 6 7092
6692 6 7927
6692 6 7979
6958 2 5697
6958 2 7060
6960 1 5697
6961 2 5697
6961 2 6993
6962 1 5697
6963 1 5697
6968 1 6523
6969 1 6523
6316 19 3084
6316 19 3459
6316 19 4037
6316 19 5199
6316 19 6123
6316 19 6327
6316 19 6330
6316 19 6555
6316 19 6665
6316 19 6832
6316 19 6907
6316 19 6917
6316 19 7052
6316 19 7054
6316 19 7092
6316 19 7237
6316 19 7378
6316 19 7529
6316 19 7553
6971 6 1403
6971 6 3459
6971 6 4009
6971 6 5199
6971 6 6784
6971 6 7295
6972 1 3459
6974 2 3459
6974 2 6330
6975 10 3334
6975 10 3459
6975 10 3962
6975 10 4037
6975 10 5801
6975 10 6414
6975 10 6784
6975 10 6790
6975 10 7110
6975 10 7119
6976 41 1026
6976 41 2511
6976 41 2851
6976 41 3334
6976 41 3459
6976 41 4037
6976 41 4361
6976 41 4944
6976 41 4981
6976 41 5002
6976 41 5079
6976 41 5233
6976 41 5582
6976 41 5605
6976 41 5776
6976 41 5800
6976 41 5822
6976 41 6043
6976 41 6097
6976 41 6503
6976 41 6774
6976 41 6784
6976 41 6914
6976 41 6918
6976 41 7073
6976 41 7092
6976 41 7101
6976 41 7115
6976 41 7119
6976 41 7143
6976 41 7214
6976 41 7400
6976 41 7510
6976 41 7553
6976 41 7649
6976 41 7788
6976 41 7795
6976 41 7839
6976 41 7871
6976 41 7890
6976 41 7908
6978 1 6979
6981 1 6982
6984 7 840
6984 7 4536
6984 7 6330
6984 7 6555
6984 7 6790
6984 7 7040
6984 7 7052
6985 1 6330
6990 1 1982
6991 18 840
6991 18 1982
6991 18 2565
6991 18 3809
6991 18 4361
6991 18 4536
6991 18 4666
6991 18 5012
6991 18 5199
6991 18 5288
6991 18 6198
6991 18 6736
6991 18 6789
6991 18 7040
6991 18 7052
6991 18 7108
6991 18 7295
6991 18 7323
6993 81 967
6993 81 1191
6993 81 1982
6993 81 3084
6993 81 3310
6993 81 3381
6993 81 3752
6993 81 3885
6993 81 3962
6993 81 4071
6993 81 4435
6993 81 4632
6993 81 4875
6993 81 4981
6993 81 5079
6993 81 5199
6993 81 5466
6993 81 5643
6993 81 5655
6993 81 5806
6993 81 5839
6993 81 5872
6993 81 5902
6993 81 5933
6993 81 6000
6993 81 6032
6993 81 6043
6993 81 6151
6993 81 6174
6993 81 6243
6993 81 6414
6993 81 6447
6993 81 6555
6993 81 6560
6993 81 6596
6993 81 6624
6993 81 6774
6993 81 6784
6993 81 6790
6993 81 6913
6993 81 6914
6993 81 6976
6993 81 6979
6993 81 6980
6993 81 7005
6993 81 7012
6993 81 7021
6993 81 7063
6993 81 7092
6993 81 7237
6993 81 7277
6993 81 7279
6993 81 7280
6993 81 7295
6993 81 7301
6993 81 7414
6993 81 7442
6993 81 7649
6993 81 7701
6993 81 7757
6993 81 7763
6993 81 7788
6993 81 7795
6993 81 7803
6993 81 7809
6993 81 7810
6993 81 7813
6993 81 7835
6993 81 7855
6993 81 7862
6993 81 7871
6993 81 7879
6993 81 7882
6993 81 7890
6993 81 7899
6993 81 7910
6993 81 7912
6993 81 7927
6993 81 7946
6993 81 7952
6993 81 7961
6995 1 6790
6996 1 6997
6998 1 6774
6999 1 6774
6946 68 938
6946 68 1026
6946 68 2940
6946 68 3238
6946 68 4341
6946 68 4632
6946 68 4879
6946 68 4884
6946 68 4934
6946 68 4992
6946 68 5002
6946 68 5028
6946 68 5179
6946 68 5289
6946 68 5393
6946 68 5421
6946 68 5745
6946 68 5800
6946 68 6032
6946 68 6417
6946 68 6424
6946 68 6634
6946 68 6665
6946 68 6780
6946 68 6924
6946 68 7116
6946 68 7120
6946 68 7225
6946 68 7362
6946 68 7378
6946 68 7386
6946 68 7391
6946 68 7397
6946 68 7423
6946 68 7434
6946 68 7436
6946 68 7440
6946 68 7442
6946 68 7574
6946 68 7587
6946 68 7590
6946 68 7604
6946 68 7620
6946 68 7642
6946 68 7648
6946 68 7652
6946 68 7653
6946 68 7666
6946 68 7668
6946 68 7669
6946 68 7683
6946 68 7688
6946 68 7701
6946 68 7809
6946 68 7857
6946 68 7928
6946 68 7952
6946 68 7992
6946 68 7994
6946 68 7996
6946 68 8007
6946 68 8019
6946 68 8025
6946 68 8090
6946 68 8121
6946 68 8128
6946 68 8130
6946 68 8169
6986 1 7143
6994 19 1403
6994 19 2851
6994 19 3726
6994 19 5432
6994 19 5582
6994 19 5969
6994 19 6560
6994 19 6634
6994 19 6714
6994 19 6736
6994 19 6784
6994 19 6913
6994 19 7161
6994 19 7214
6994 19 7222
6994 19 7250
6994 19 7289
6994 19 7290
6994 19 7301
6889 5 5288
6889 5 7233
6889 5 7701
6889 5 7921
6889 5 7928
6139 1 7450
6367 2 6523
6367 2 8141
6709 2 5064
6709 2 5210
6638 1 6555
