7000 1 6774
7001 1 6774
7002 2 6774
7002 2 7620
7003 1 6774
7004 1 6774
7005 13 3962
7005 13 4037
7005 13 5210
7005 13 6032
7005 13 6043
7005 13 6634
7005 13 6774
7005 13 6914
7005 13 7553
7005 13 7620
7005 13 7757
7005 13 7763
7005 13 7788
7006 1 6774
7007 1 6774
7008 1 6774
7009 1 6774
7010 1 6774
7011 3 2565
7011 3 4536
7011 3 6774
7012 10 2658
7012 10 6043
7012 10 6774
7012 10 6784
7012 10 6913
7012 10 6914
7012 10 7021
7012 10 7414
7012 10 7910
7012 10 7961
7013 1 6774
7014 2 6774
7014 2 7021
7015 1 6774
7016 1 6774
7017 1 6774
7018 1 6774
7019 4 4981
7019 4 6774
7019 4 7021
7019 4 7862
7020 3 6774
7020 3 6780
7020 3 6832
7021 15 2658
7021 15 4981
7021 15 5079
7021 15 5096
7021 15 5466
7021 15 5800
7021 15 5806
7021 15 5872
7021 15 6123
7021 15 6774
7021 15 7386
7021 15 7414
7021 15 7813
7021 15 8121
7021 15 8149
7022 1 6774
7023 8 3346
7023 8 5772
7023 8 6560
7023 8 6774
7023 8 7052
7023 8 7215
7023 8 7222
7023 8 7246
7024 3 5814
7024 3 6774
7024 3 6913
7025 1 6774
7026 13 3297
7026 13 5096
7026 13 5148
7026 13 5210
7026 13 6774
7026 13 6918
7026 13 6979
7026 13 7021
7026 13 7047
7026 13 7116
7026 13 7587
7026 13 7965
7026 13 8083
7027 1 6774
7028 1 6774
7029 2 5079
7029 2 6774
7031 1 7033
7032 1 7033
7035 2 4536
7035 2 6624
7036 2 4536
7036 2 7040
7037 1 4536
7041 1 7042
7043 14 5378
7043 14 6634
7043 14 7059
7043 14 7238
7043 14 7553
7043 14 7707
7043 14 7735
7043 14 7763
7043 14 7833
7043 14 8219
7043 14 8226
7043 14 8235
7043 14 8249
7043 14 8275
7044 3 4940
7044 3 7059
7044 3 7803
7051 1 7059
7052 142 155
7052 142 840
7052 142 967
7052 142 1191
7052 142 1403
7052 142 2565
7052 142 2851
7052 142 2940
7052 142 3238
7052 142 3459
7052 142 3726
7052 142 3752
7052 142 3803
7052 142 3962
7052 142 3969
7052 142 4071
7052 142 4341
7052 142 4361
7052 142 4435
7052 142 4632
7052 142 4875
7052 142 4884
7052 142 4934
7052 142 4981
7052 142 5002
7052 142 5022
7052 142 5028
7052 142 5199
7052 142 5233
7052 142 5289
7052 142 5404
7052 142 5406
7052 142 5421
7052 142 5465
7052 142 5466
7052 142 5605
7052 142 5738
7052 142 5760
7052 142 5776
7052 142 5800
7052 142 5806
7052 142 5835
7052 142 5839
7052 142 5872
7052 142 5897
7052 142 5932
7052 142 5933
7052 142 5998
7052 142 6000
7052 142 6032
7052 142 6097
7052 142 6151
7052 142 6174
7052 142 6241
7052 142 6243
7052 142 6414
7052 142 6555
7052 142 6665
7052 142 6712
7052 142 6714
7052 142 6736
7052 142 6789
7052 142 6832
7052 142 6875
7052 142 6907
7052 142 6914
7052 142 6923
7052 142 6924
7052 142 6934
7052 142 6953
7052 142 6979
7052 142 7005
7052 142 7012
7052 142 7021
7052 142 7047
7052 142 7054
7052 142 7059
7052 142 7063
7052 142 7088
7052 142 7092
7052 142 7094
7052 142 7101
7052 142 7108
7052 142 7115
7052 142 7116
7052 142 7119
7052 142 7143
7052 142 7144
7052 142 7146
7052 142 7225
7052 142 7233
7052 142 7237
7052 142 7279
7052 142 7301
7052 142 7341
7052 142 7351
7052 142 7362
7052 142 7378
7052 142 7381
7052 142 7391
7052 142 7400
7052 142 7450
7052 142 7478
7052 142 7491
7052 142 7497
7052 142 7510
7052 142 7512
7052 142 7529
7052 142 7544
7052 142 7553
7052 142 7561
7052 142 7587
7052 142 7593
7052 142 7618
7052 142 7620
7052 142 7624
7052 142 7632
7052 142 7646
7052 142 7647
7052 142 7651
7052 142 7662
7052 142 7666
7052 142 7683
7052 142 7694
7052 142 7695
7052 142 7699
7052 142 7707
7052 142 7835
7052 142 7855
7052 142 7862
7052 142 7871
7052 142 7879
7052 142 7890
7052 142 7910
7052 142 7912
7052 142 7927
7052 142 7946
7052 142 7961
7052 142 8163
7052 142 8168
7052 142 8178
7052 142 8192
7045 36 967
7045 36 1498
7045 36 3238
7045 36 3381
7045 36 5148
7045 36 5671
7045 36 5760
7045 36 6241
7045 36 6320
7045 36 6414
7045 36 6523
7045 36 6712
7045 36 6789
7045 36 6934
7045 36 6980
7045 36 7021
7045 36 7047
7045 36 7052
7045 36 7059
7045 36 7280
7045 36 7295
7045 36 7443
7045 36 7497
7045 36 7544
7045 36 7618
7045 36 7620
7045 36 7624
7045 36 7662
7045 36 7683
7045 36 7694
7045 36 7695
7045 36 7699
7045 36 7726
7045 36 7757
7045 36 7763
7045 36 7882
7053 31 3084
7053 31 3297
7053 31 3459
7053 31 4401
7053 31 4940
7053 31 5148
7053 31 5210
7053 31 5246
7053 31 5378
7053 31 5671
7053 31 5887
7053 31 6307
7053 31 6422
7053 31 6618
7053 31 6634
7053 31 6914
7053 31 6993
7053 31 7047
7053 31 7059
7053 31 7225
7053 31 7378
7053 31 7389
7053 31 7517
7053 31 7553
7053 31 7699
7053 31 7791
7053 31 8043
7053 31 8083
7053 31 8134
7053 31 8224
7053 31 8235
7054 40 155
7054 40 1026
7054 40 3000
7054 40 3238
7054 40 3459
7054 40 4884
7054 40 5002
7054 40 5393
7054 40 5421
7054 40 5500
7054 40 5902
7054 40 6424
7054 40 6712
7054 40 6907
7054 40 6934
7054 40 7052
7054 40 7059
7054 40 7116
7054 40 7225
7054 40 7316
7054 40 7378
7054 40 7510
7054 40 7553
7054 40 7557
7054 40 7561
7054 40 7583
7054 40 7587
7054 40 7593
7054 40 7604
7054 40 7620
7054 40 7632
7054 40 7646
7054 40 7648
7054 40 7651
7054 40 7652
7054 40 7673
7054 40 7688
7054 40 7695
7054 40 7699
7054 40 7809
7046 21 3238
7046 21 3334
7046 21 3459
7046 21 4884
7046 21 5465
7046 21 5800
7046 21 6712
7046 21 7047
7046 21 7052
7046 21 7059
7046 21 7225
7046 21 7414
7046 21 7553
7046 21 7557
7046 21 7561
7046 21 7620
7046 21 7642
7046 21 7646
7046 21 7662
7046 21 7688
7046 21 7695
7047 161 1191
7047 161 1498
7047 161 1865
7047 161 1982
7047 161 2223
7047 161 2658
7047 161 3238
7047 161 3293
7047 161 3297
7047 161 3381
7047 161 3962
7047 161 4037
7047 161 4071
7047 161 4401
7047 161 4432
7047 161 4435
7047 161 4507
7047 161 4981
7047 161 4983
7047 161 5022
7047 161 5079
7047 161 5096
7047 161 5148
7047 161 5179
7047 161 5210
7047 161 5246
7047 161 5378
7047 161 5421
7047 161 5466
7047 161 5529
7047 161 5605
7047 161 5614
7047 161 5643
7047 161 5671
7047 161 5738
7047 161 5812
7047 161 5819
7047 161 5839
7047 161 5887
7047 161 5933
7047 161 6032
7047 161 6043
7047 161 6044
7047 161 6151
7047 161 6174
7047 161 6320
7047 161 6414
7047 161 6422
7047 161 6523
7047 161 6555
7047 161 6560
7047 161 6618
7047 161 6634
7047 161 6712
7047 161 6737
7047 161 6759
7047 161 6780
7047 161 6875
7047 161 6914
7047 161 6918
7047 161 6934
7047 161 6946
7047 161 6979
7047 161 6980
7047 161 6993
7047 161 7021
7047 161 7052
7047 161 7059
7047 161 7063
7047 161 7092
7047 161 7120
7047 161 7233
7047 161 7277
7047 161 7280
7047 161 7341
7047 161 7386
7047 161 7389
7047 161 7391
7047 161 7443
7047 161 7544
7047 161 7553
7047 161 7620
7047 161 7634
7047 161 7646
7047 161 7649
7047 161 7651
7047 161 7662
7047 161 7683
7047 161 7694
7047 161 7695
7047 161 7699
7047 161 7707
7047 161 7726
7047 161 7763
7047 161 7778
7047 161 7788
7047 161 7795
7047 161 7803
7047 161 7809
7047 161 7810
7047 161 7813
7047 161 7833
7047 161 7835
7047 161 7839
7047 161 7855
7047 161 7860
7047 161 7862
7047 161 7871
7047 161 7874
7047 161 7879
7047 161 7882
7047 161 7890
7047 161 7908
7047 161 7912
7047 161 7921
7047 161 7924
7047 161 7927
7047 161 7946
7047 161 7961
7047 161 7965
7047 161 7979
7047 161 7991
7047 161 7992
7047 161 7994
7047 161 7996
7047 161 8002
7047 161 8033
7047 161 8037
7047 161 8042
7047 161 8044
7047 161 8051
7047 161 8073
7047 161 8079
7047 161 8121
7047 161 8122
7047 161 8124
7047 161 8128
7047 161 8132
7047 161 8134
7047 161 8139
7047 161 8141
7047 161 8163
7047 161 8168
7047 161 8174
7047 161 8178
7047 161 8192
7047 161 8198
7047 161 8204
7047 161 8209
7047 161 8212
7047 161 8224
7047 161 8225
7047 161 8226
7047 161 8235
7047 161 8237
7047 161 8246
7047 161 8249
7047 161 8263
7047 161 8275
7047 161 8276
7047 161 8277
7055 98 155
7055 98 967
7055 98 1498
7055 98 3000
7055 98 3238
7055 98 3381
7055 98 3459
7055 98 3752
7055 98 3885
7055 98 3969
7055 98 4341
7055 98 4632
7055 98 4875
7055 98 4983
7055 98 5002
7055 98 5022
7055 98 5028
7055 98 5079
7055 98 5096
7055 98 5148
7055 98 5289
7055 98 5465
7055 98 5605
7055 98 5671
7055 98 5800
7055 98 5806
7055 98 5835
7055 98 5839
7055 98 5872
7055 98 5902
7055 98 5933
7055 98 6151
7055 98 6241
7055 98 6243
7055 98 6442
7055 98 6523
7055 98 6634
7055 98 6665
7055 98 6712
7055 98 6907
7055 98 6934
7055 98 6946
7055 98 6980
7055 98 7005
7055 98 7012
7055 98 7021
7055 98 7047
7055 98 7052
7055 98 7059
7055 98 7063
7055 98 7088
7055 98 7131
7055 98 7237
7055 98 7277
7055 98 7279
7055 98 7400
7055 98 7414
7055 98 7443
7055 98 7450
7055 98 7478
7055 98 7510
7055 98 7512
7055 98 7561
7055 98 7593
7055 98 7618
7055 98 7620
7055 98 7624
7055 98 7632
7055 98 7634
7055 98 7642
7055 98 7646
7055 98 7649
7055 98 7651
7055 98 7662
7055 98 7683
7055 98 7694
7055 98 7695
7055 98 7699
7055 98 7707
7055 98 7726
7055 98 7757
7055 98 7763
7055 98 7778
7055 98 7788
7055 98 7795
7055 98 7809
7055 98 7813
7055 98 7835
7055 98 7871
7055 98 7882
7055 98 7910
7055 98 7946
7055 98 7965
7055 98 7979
7055 98 7992
7055 98 8051
7055 98 8174
7055 98 8192
7048 1 7059
7056 37 1982
7056 37 2565
7056 37 3381
7056 37 4983
7056 37 5064
7056 37 5148
7056 37 5179
7056 37 5671
7056 37 5738
7056 37 5839
7056 37 6320
7056 37 6523
7056 37 6560
7056 37 6980
7056 37 6993
7056 37 7052
7056 37 7059
7056 37 7116
7056 37 7233
7056 37 7277
7056 37 7280
7056 37 7443
7056 37 7544
7056 37 7618
7056 37 7620
7056 37 7666
7056 37 7694
7056 37 7726
7056 37 7757
7056 37 7763
7056 37 7795
7056 37 7803
7056 37 7809
7056 37 7839
7056 37 7979
7056 37 8209
7056 37 8226
7049 27 1191
7049 27 3310
7049 27 3381
7049 27 4435
7049 27 5096
7049 27 5148
7049 27 5466
7049 27 5529
7049 27 5671
7049 27 6151
7049 27 6555
7049 27 6980
7049 27 7005
7049 27 7059
7049 27 7277
7049 27 7280
7049 27 7443
7049 27 7694
7049 27 7757
7049 27 7763
7049 27 7788
7049 27 7795
7049 27 7803
7049 27 7809
7049 27 7855
7049 27 7862
7049 27 7871
7057 118 155
7057 118 1498
7057 118 1982
7057 118 2565
7057 118 3000
7057 118 3084
7057 118 3297
7057 118 3334
7057 118 3459
7057 118 3885
7057 118 3962
7057 118 3969
7057 118 4037
7057 118 4071
7057 118 4341
7057 118 4401
7057 118 4632
7057 118 4875
7057 118 4940
7057 118 4981
7057 118 4983
7057 118 5002
7057 118 5022
7057 118 5079
7057 118 5210
7057 118 5289
7057 118 5406
7057 118 5466
7057 118 5500
7057 118 5529
7057 118 5800
7057 118 5806
7057 118 5812
7057 118 5819
7057 118 5835
7057 118 5839
7057 118 5872
7057 118 5902
7057 118 5933
7057 118 6000
7057 118 6032
7057 118 6043
7057 118 6044
7057 118 6123
7057 118 6151
7057 118 6174
7057 118 6241
7057 118 6243
7057 118 6320
7057 118 6414
7057 118 6417
7057 118 6442
7057 118 6555
7057 118 6560
7057 118 6596
7057 118 6618
7057 118 6634
7057 118 6665
7057 118 6875
7057 118 6907
7057 118 6914
7057 118 6918
7057 118 6924
7057 118 6934
7057 118 6946
7057 118 6979
7057 118 6980
7057 118 6993
7057 118 7005
7057 118 7047
7057 118 7050
7057 118 7052
7057 118 7054
7057 118 7059
7057 118 7063
7057 118 7088
7057 118 7092
7057 118 7131
7057 118 7225
7057 118 7233
7057 118 7237
7057 118 7238
7057 118 7279
7057 118 7280
7057 118 7378
7057 118 7386
7057 118 7400
7057 118 7442
7057 118 7478
7057 118 7497
7057 118 7510
7057 118 7512
7057 118 7529
7057 118 7544
7057 118 7561
7057 118 7587
7057 118 7620
7057 118 7647
7057 118 7699
7057 118 7707
7057 118 7763
7057 118 7788
7057 118 7809
7057 118 7810
7057 118 7833
7057 118 7839
7057 118 7908
7057 118 7924
7057 118 7961
7057 118 7965
7057 118 8051
7057 118 8083
7057 118 8121
7057 118 8134
7057 118 8168
7057 118 8209
7057 118 8224
7057 118 8237
7030 2 5822
7030 2 6327
7061 3 5822
7061 3 6123
7061 3 6832
7062 4 1982
7062 4 6634
7062 4 7050
7062 4 7620
7063 16 840
7063 16 2565
7063 16 3238
7063 16 5800
7063 16 6123
7063 16 6555
7063 16 6784
7063 16 6832
7063 16 6907
7063 16 6913
7063 16 6914
7063 16 7414
7063 16 7510
7063 16 7553
7063 16 7620
7063 16 7961
7064 3 2565
7064 3 6097
7064 3 6946
7065 1 2565
7038 7 840
7038 7 3809
7038 7 4944
7038 7 5772
7038 7 6097
7038 7 6327
7038 7 6634
7072 1 7073
7070 2 7073
7070 2 7115
7071 4 7073
7071 4 7092
7071 4 7115
7071 4 7414
7079 1 4666
7080 70 1982
7080 70 2511
7080 70 2658
7080 70 3084
7080 70 3297
7080 70 3381
7080 70 3459
7080 70 3885
7080 70 3962
7080 70 4666
7080 70 4944
7080 70 4983
7080 70 5002
7080 70 5012
7080 70 5022
7080 70 5199
7080 70 5210
7080 70 5288
7080 70 5773
7080 70 5800
7080 70 5806
7080 70 5819
7080 70 5872
7080 70 5902
7080 70 5933
7080 70 6000
7080 70 6243
7080 70 6270
7080 70 6320
7080 70 6555
7080 70 6560
7080 70 6736
7080 70 6759
7080 70 6946
7080 70 6979
7080 70 6980
7080 70 7108
7080 70 7185
7080 70 7225
7080 70 7277
7080 70 7279
7080 70 7280
7080 70 7295
7080 70 7301
7080 70 7414
7080 70 7442
7080 70 7449
7080 70 7478
7080 70 7497
7080 70 7510
7080 70 7529
7080 70 7574
7080 70 7620
7080 70 7624
7080 70 7647
7080 70 7666
7080 70 7688
7080 70 7797
7080 70 7813
7080 70 7871
7080 70 7879
7080 70 7882
7080 70 7924
7080 70 7927
7080 70 7928
7080 70 7965
7080 70 8130
7080 70 8163
7080 70 8168
7080 70 8174
7082 1 4944
7085 1 6946
7087 2 6946
7087 2 7699
7086 123 938
7086 123 1403
7086 123 1498
7086 123 1982
7086 123 2658
7086 123 2851
7086 123 3293
7086 123 3297
7086 123 3346
7086 123 3726
7086 123 4037
7086 123 4071
7086 123 4401
7086 123 4432
7086 123 4632
7086 123 4875
7086 123 4940
7086 123 4966
7086 123 4983
7086 123 5022
7086 123 5096
7086 123 5210
7086 123 5246
7086 123 5289
7086 123 5378
7086 123 5404
7086 123 5406
7086 123 5432
7086 123 5605
7086 123 5614
7086 123 5738
7086 123 5800
7086 123 5806
7086 123 5812
7086 123 5819
7086 123 5839
7086 123 5872
7086 123 5902
7086 123 5933
7086 123 6000
7086 123 6044
7086 123 6174
7086 123 6243
7086 123 6422
7086 123 6442
7086 123 6523
7086 123 6618
7086 123 6634
7086 123 6665
7086 123 6736
7086 123 6737
7086 123 6759
7086 123 6780
7086 123 6784
7086 123 6875
7086 123 6907
7086 123 6918
7086 123 6946
7086 123 7021
7086 123 7047
7086 123 7088
7086 123 7094
7086 123 7108
7086 123 7131
7086 123 7233
7086 123 7237
7086 123 7238
7086 123 7243
7086 123 7279
7086 123 7341
7086 123 7378
7086 123 7389
7086 123 7391
7086 123 7414
7086 123 7422
7086 123 7450
7086 123 7478
7086 123 7491
7086 123 7497
7086 123 7510
7086 123 7512
7086 123 7517
7086 123 7529
7086 123 7553
7086 123 7561
7086 123 7620
7086 123 7646
7086 123 7810
7086 123 7833
7086 123 7835
7086 123 7855
7086 123 7860
7086 123 7882
7086 123 7908
7086 123 7910
7086 123 7912
7086 123 7924
7086 123 7946
7086 123 7965
7086 123 7979
7086 123 7992
7086 123 8037
7086 123 8042
7086 123 8044
7086 123 8051
7086 123 8073
7086 123 8083
7086 123 8121
7086 123 8124
7086 123 8128
7086 123 8134
7086 123 8141
7086 123 8149
7086 123 8163
7086 123 8168
7086 123 8174
7086 123 8192
7086 123 8198
7086 123 8209
7086 123 8212
7086 123 8219
7086 123 8224
7086 123 8237
7084 1 6946
7088 5 4940
7088 5 6097
7088 5 7533
7088 5 7632
7088 5 7699
7090 11 155
7090 11 1026
7090 11 2565
7090 11 3459
7090 11 3803
7090 11 5002
7090 11 7054
7090 11 7225
7090 11 7378
7090 11 7529
7090 11 7553
7092 93 1026
7092 93 1191
7092 93 1403
7092 93 1982
7092 93 2785
7092 93 2851
7092 93 3310
7092 93 3346
7092 93 3459
7092 93 3726
7092 93 3885
7092 93 3962
7092 93 3969
7092 93 4037
7092 93 4071
7092 93 4341
7092 93 4507
7092 93 4632
7092 93 5002
7092 93 5022
7092 93 5079
7092 93 5179
7092 93 5210
7092 93 5288
7092 93 5289
7092 93 5529
7092 93 5671
7092 93 5745
7092 93 5773
7092 93 5800
7092 93 5835
7092 93 5872
7092 93 5902
7092 93 5998
7092 93 6000
7092 93 6032
7092 93 6043
7092 93 6044
7092 93 6243
7092 93 6327
7092 93 6414
7092 93 6422
7092 93 6523
7092 93 6560
7092 93 6618
7092 93 6665
7092 93 6736
7092 93 6755
7092 93 6784
7092 93 6832
7092 93 6914
7092 93 6980
7092 93 7005
7092 93 7052
7092 93 7131
7092 93 7144
7092 93 7162
7092 93 7185
7092 93 7214
7092 93 7225
7092 93 7237
7092 93 7243
7092 93 7280
7092 93 7301
7092 93 7378
7092 93 7389
7092 93 7400
7092 93 7414
7092 93 7443
7092 93 7510
7092 93 7553
7092 93 7557
7092 93 7561
7092 93 7587
7092 93 7618
7092 93 7624
7092 93 7632
7092 93 7649
7092 93 7651
7092 93 7662
7092 93 7788
7092 93 7795
7092 93 7809
7092 93 7833
7092 93 7835
7092 93 7890
7092 93 7924
7092 93 7952
7092 93 7961
7092 93 8033
7092 93 8068
7092 93 8121
7092 93 8168
7089 2 6634
7089 2 7301
7096 5 3459
7096 5 5773
7096 5 6634
7096 5 7054
7096 5 7529
7095 1 6634
7098 1 7101
7099 18 2785
7099 18 3631
7099 18 5288
7099 18 5393
7099 18 5582
7099 18 5760
7099 18 5814
7099 18 5897
7099 18 6270
7099 18 6414
7099 18 6560
7099 18 6714
7099 18 6907
7099 18 6913
7099 18 6976
7099 18 7101
7099 18 7214
7099 18 7400
7100 15 4037
7100 15 5012
7100 15 5384
7100 15 5432
7100 15 5582
7100 15 6327
7100 15 6414
7100 15 6913
7100 15 6976
7100 15 7101
7100 15 7115
7100 15 7119
7100 15 7143
7100 15 7144
7100 15 7301
7103 1 7108
7104 15 1403
7104 15 2785
7104 15 2851
7104 15 3631
7104 15 3726
7104 15 5002
7104 15 5404
7104 15 5432
7104 15 6665
7104 15 6784
7104 15 6913
7104 15 6976
7104 15 7108
7104 15 7214
7104 15 7301
7106 4 2785
7106 4 2851
7106 4 3726
7106 4 7108
7107 2 7108
7107 2 7273
7109 2 7115
7109 2 7510
7110 5 3885
7110 5 5384
7110 5 6414
7110 5 7092
7110 5 7115
7111 1 7115
7112 1 7115
7113 12 3334
7113 12 3752
7113 12 5233
7113 12 5466
7113 12 6422
7113 12 6946
7113 12 7115
7113 12 7237
7113 12 7439
7113 12 7529
7113 12 7587
7113 12 7961
7114 1 7115
7116 1 4875
7118 1 7119
7117 7 4037
7117 7 4632
7117 7 6327
7117 7 6994
7117 7 7119
7117 7 7143
7117 7 7144
7120 18 1865
7120 18 3238
7120 18 3381
7120 18 5776
7120 18 6241
7120 18 6320
7120 18 6560
7120 18 6712
7120 18 7047
7120 18 7386
7120 18 7544
7120 18 7634
7120 18 7651
7120 18 7683
7120 18 7695
7120 18 7699
7120 18 7707
7120 18 7809
7121 7 4361
7121 7 5776
7121 7 5800
7121 7 5969
7121 7 6714
7121 7 6832
7121 7 7279
7123 1 5384
7122 1 5384
7124 1 4037
7125 1 4037
7127 2 4037
7127 2 7301
7128 2 4037
7128 2 6784
7129 11 4037
7129 11 5500
7129 11 5897
7129 11 6299
7129 11 6784
7129 11 6832
7129 11 6993
7129 11 7290
7129 11 7587
7129 11 7666
7129 11 7763
7136 2 4037
7136 2 4884
7130 2 4037
7130 2 5773
7137 1 4037
7131 24 967
7131 24 2658
7131 24 3238
7131 24 3962
7131 24 4037
7131 24 4940
7131 24 5773
7131 24 6032
7131 24 6123
7131 24 6442
7131 24 6555
7131 24 6832
7131 24 6907
7131 24 6914
7131 24 7021
7131 24 7092
7131 24 7280
7131 24 7414
7131 24 7553
7131 24 7587
7131 24 7809
7131 24 7833
7131 24 7871
7131 24 7910
7126 3 2511
7126 3 4037
7126 3 5773
7132 30 2851
7132 30 3238
7132 30 4037
7132 30 5002
7132 30 5839
7132 30 5872
7132 30 6043
7132 30 6123
7132 30 6555
7132 30 6784
7132 30 6832
7132 30 6913
7132 30 6914
7132 30 7021
7132 30 7052
7132 30 7063
7132 30 7131
7132 30 7257
7132 30 7280
7132 30 7304
7132 30 7306
7132 30 7362
7132 30 7407
7132 30 7423
7132 30 7561
7132 30 7567
7132 30 7666
7132 30 7809
7132 30 7961
7132 30 8121
7133 1 4037
7138 2 4037
7138 2 7214
7134 3 4037
7134 3 7373
7134 3 7587
7139 3 2851
7139 3 4037
7139 3 7214
7140 1 4037
7135 1 4037
7142 4 2511
7142 4 5773
7142 4 7143
7142 4 7144
7145 1 7144
7146 1 7144
7151 1 6414
7153 12 5022
7153 12 5671
7153 12 5887
7153 12 5897
7153 12 5969
7153 12 6327
7153 12 6907
7153 12 6914
7153 12 7373
7153 12 8134
7153 12 8141
7153 12 8148
7154 1 6327
7155 1 6327
7156 1 6327
7157 1 6327
7160 1 6327
7158 1 6327
7159 1 6327
7163 2 7162
7163 2 7254
7164 4 3962
7164 4 5012
7164 4 5179
7164 4 6789
7165 3 1026
7165 3 7050
7165 3 7168
7166 1 7168
7167 1 7168
7172 2 2511
7172 2 7649
7173 2 2511
7173 2 5819
7174 1 5773
7175 2 5773
7175 2 7131
7178 2 5773
7178 2 7587
7179 2 5773
7179 2 7131
7176 4 5773
7176 4 7116
7176 4 7185
7176 4 7620
7177 1 5773
7183 9 5179
7183 9 5529
7183 9 5814
7183 9 6665
7183 9 6914
7183 9 6980
7183 9 7225
7183 9 7924
7183 9 8186
7184 2 3631
7184 2 7185
7187 1 3631
7188 14 1403
7188 14 3631
7188 14 3726
7188 14 4361
7188 14 5811
7188 14 6299
7188 14 6596
7188 14 6789
7188 14 6832
7188 14 6976
7188 14 7315
7188 14 7351
7188 14 7386
7188 14 7397
7189 3 3631
7189 3 5760
7189 3 8174
7190 1 7191
7192 1 5288
7193 1 5288
7194 1 7195
7197 1 2785
7198 8 2785
7198 8 4037
7198 8 4401
7198 8 7707
7198 8 8219
7198 8 8224
7198 8 8225
7198 8 8226
7203 1 6270
7205 1 7023
7206 1 7023
7210 1 7214
7211 1 7214
7212 1 7214
7217 1 6994
7219 1 1919
7218 1 1919
7220 1 5404
7221 1 5404
7222 1 1403
7223 1 6665
7225 47 155
7225 47 1026
7225 47 1982
7225 47 2658
7225 47 3084
7225 47 3310
7225 47 3459
7225 47 4071
7225 47 4966
7225 47 5022
7225 47 5079
7225 47 5406
7225 47 5655
7225 47 5800
7225 47 5806
7225 47 5819
7225 47 5839
7225 47 5872
7225 47 5902
7225 47 6000
7225 47 6032
7225 47 6320
7225 47 6555
7225 47 6596
7225 47 6665
7225 47 6914
7225 47 6979
7225 47 7092
7225 47 7237
7225 47 7378
7225 47 7386
7225 47 7400
7225 47 7449
7225 47 7508
7225 47 7510
7225 47 7529
7225 47 7553
7225 47 7620
7225 47 7632
7225 47 7652
7225 47 7662
7225 47 7699
7225 47 7707
7225 47 7730
7225 47 7835
7225 47 7924
7225 47 8192
7226 4 5835
7226 4 6665
7226 4 7553
7226 4 7557
7227 12 155
7227 12 1026
7227 12 3962
7227 12 5872
7227 12 6555
7227 12 6665
7227 12 6923
7227 12 7225
7227 12 7277
7227 12 7533
7227 12 7587
7227 12 7910
7228 7 2565
7228 7 4884
7228 7 6665
7228 7 7225
7228 7 7561
7228 7 7620
7228 7 7662
7229 7 1026
7229 7 4341
7229 7 5835
7229 7 6665
7229 7 7400
7229 7 7553
7229 7 7557
7230 4 4884
7230 4 5806
7230 4 6665
7230 4 7632
7231 101 155
7231 101 938
7231 101 967
7231 101 1026
7231 101 2565
7231 101 3000
7231 101 3084
7231 101 3238
7231 101 3310
7231 101 3381
7231 101 3752
7231 101 3885
7231 101 3962
7231 101 4071
7231 101 4341
7231 101 4435
7231 101 4632
7231 101 4879
7231 101 4884
7231 101 4981
7231 101 5028
7231 101 5079
7231 101 5148
7231 101 5289
7231 101 5465
7231 101 5500
7231 101 5529
7231 101 5671
7231 101 5800
7231 101 5806
7231 101 5839
7231 101 5872
7231 101 5902
7231 101 6000
7231 101 6043
7231 101 6151
7231 101 6174
7231 101 6241
7231 101 6243
7231 101 6523
7231 101 6560
7231 101 6665
7231 101 6712
7231 101 6907
7231 101 6914
7231 101 6934
7231 101 6980
7231 101 7005
7231 101 7047
7231 101 7052
7231 101 7054
7231 101 7116
7231 101 7131
7231 101 7225
7231 101 7237
7231 101 7277
7231 101 7279
7231 101 7280
7231 101 7386
7231 101 7400
7231 101 7414
7231 101 7443
7231 101 7450
7231 101 7478
7231 101 7490
7231 101 7498
7231 101 7510
7231 101 7544
7231 101 7587
7231 101 7593
7231 101 7604
7231 101 7618
7231 101 7620
7231 101 7624
7231 101 7632
7231 101 7642
7231 101 7646
7231 101 7649
7231 101 7651
7231 101 7658
7231 101 7662
7231 101 7673
7231 101 7683
7231 101 7694
7231 101 7695
7231 101 7699
7231 101 7707
7231 101 7726
7231 101 7757
7231 101 7763
7231 101 7788
7231 101 7795
7231 101 7809
7231 101 7813
7231 101 7855
7231 101 7862
7231 101 7871
7231 101 7879
7231 101 7882
7231 101 7890
7231 101 7921
7232 1 6907
7233 22 5179
7233 22 5760
7233 22 5811
7233 22 5872
7233 22 6123
7233 22 6447
7233 22 6907
7233 22 6946
7233 22 7386
7233 22 7389
7233 22 7407
7233 22 7422
7233 22 7529
7233 22 7683
7233 22 7809
7233 22 7860
7233 22 7992
7233 22 8083
7233 22 8121
7233 22 8134
7233 22 8174
7233 22 8192
7234 1 6907
7235 1 6907
7236 23 1026
7236 23 2658
7236 23 3084
7236 23 4632
7236 23 4884
7236 23 5002
7236 23 5079
7236 23 5148
7236 23 5500
7236 23 6032
7236 23 6907
7236 23 6993
7236 23 7088
7236 23 7378
7236 23 7478
7236 23 7529
7236 23 7553
7236 23 7588
7236 23 7620
7236 23 7632
7236 23 7662
7236 23 7695
7236 23 7699
7237 15 938
7237 15 5064
7237 15 5738
7237 15 5800
7237 15 6243
7237 15 6907
7237 15 7050
7237 15 7233
7237 15 7391
7237 15 7498
7237 15 7529
7237 15 8051
7237 15 8192
7237 15 8198
7237 15 8224
7238 9 4432
7238 9 4884
7238 9 6618
7238 9 6907
7238 9 7233
7238 9 7620
7238 9 7624
7238 9 7833
7238 9 8212
7239 21 3000
7239 21 3969
7239 21 4632
7239 21 4875
7239 21 4884
7239 21 5806
7239 21 5872
7239 21 6000
7239 21 6243
7239 21 6907
7239 21 7054
7239 21 7116
7239 21 7131
7239 21 7237
7239 21 7279
7239 21 7478
7239 21 7497
7239 21 7553
7239 21 7561
7239 21 7587
7239 21 7620
7240 1 1403
7241 21 938
7241 21 1403
7241 21 3346
7241 21 4432
7241 21 5028
7241 21 5800
7241 21 5806
7241 21 5872
7241 21 6032
7241 21 6123
7241 21 6784
7241 21 6832
7241 21 6875
7241 21 6913
7241 21 6914
7241 21 6976
7241 21 7238
7241 21 7279
7241 21 7373
7241 21 7561
7241 21 7791
7243 1 7763
7245 1 6736
7251 1 2851
7252 1 2851
7253 4 2851
7253 4 4037
7253 4 7871
7253 4 7912
7255 1 5801
7262 11 155
7262 11 3381
7262 11 3969
7262 11 5500
7262 11 5529
7262 11 5835
7262 11 7054
7262 11 7400
7262 11 7557
7262 11 7757
7262 11 7763
7260 3 7262
7260 3 7301
7260 3 7478
7265 1 6784
7266 6 1982
7266 6 5432
7266 6 6555
7266 6 6634
7266 6 6714
7266 6 6784
7267 1 6784
7268 1 6784
7269 1 6784
7270 5 5210
7270 5 5897
7270 5 6442
7270 5 6784
7270 5 7763
7271 3 4037
7271 3 6714
7271 3 6784
7276 5 6913
7276 5 7021
7276 5 7052
7276 5 7740
7276 5 7763
7277 4 3334
7277 4 6913
7277 4 7493
7277 4 8121
7278 4 6832
7278 4 6913
7278 4 6953
7278 4 7414
7279 19 2658
7279 19 3000
7279 19 5812
7279 19 6555
7279 19 6618
7279 19 6913
7279 19 7012
7279 19 7054
7279 19 7225
7279 19 7237
7279 19 7280
7279 19 7443
7279 19 7587
7279 19 7588
7279 19 7694
7279 19 7726
7279 19 7910
7279 19 8163
7279 19 8192
7280 89 1026
7280 89 2223
7280 89 2658
7280 89 3238
7280 89 3293
7280 89 3297
7280 89 3310
7280 89 3381
7280 89 3752
7280 89 3962
7280 89 4071
7280 89 4401
7280 89 4432
7280 89 4507
7280 89 4981
7280 89 4983
7280 89 5079
7280 89 5096
7280 89 5179
7280 89 5233
7280 89 5466
7280 89 5529
7280 89 5605
7280 89 5806
7280 89 5812
7280 89 5819
7280 89 5839
7280 89 6032
7280 89 6043
7280 89 6044
7280 89 6151
7280 89 6241
7280 89 6299
7280 89 6422
7280 89 6555
7280 89 6560
7280 89 6618
7280 89 6737
7280 89 6780
7280 89 6875
7280 89 6913
7280 89 6918
7280 89 6924
7280 89 6946
7280 89 7005
7280 89 7021
7280 89 7063
7280 89 7092
7280 89 7225
7280 89 7233
7280 89 7277
7280 89 7386
7280 89 7393
7280 89 7440
7280 89 7443
7280 89 7588
7280 89 7590
7280 89 7620
7280 89 7649
7280 89 7652
7280 89 7662
7280 89 7666
7280 89 7668
7280 89 7669
7280 89 7683
7280 89 7691
7280 89 7699
7280 89 7740
7280 89 7757
7280 89 7763
7280 89 7778
7280 89 7788
7280 89 7795
7280 89 7809
7280 89 7813
7280 89 7833
7280 89 7908
7280 89 7910
7280 89 7961
7280 89 7965
7280 89 7994
7280 89 7996
7280 89 8002
7280 89 8042
7280 89 8121
7280 89 8124
7280 89 8141
7280 89 8174
7280 89 8209
7282 2 5378
7282 2 5432
7283 1 5432
7284 2 5378
7284 2 5432
7285 1 5432
7286 1 5432
7287 1 5432
7291 1 7292
7293 4 6299
7293 4 6714
7293 4 6976
7293 4 7301
7296 1 6976
7295 13 4071
7295 13 5179
7295 13 5199
7295 13 5887
7295 13 6299
7295 13 6914
7295 13 6976
7295 13 6980
7295 13 7277
7295 13 7301
7295 13 7386
7295 13 7924
7295 13 8249
7301 27 2223
7301 27 2658
7301 27 4071
7301 27 4983
7301 27 5819
7301 27 6044
7301 27 6320
7301 27 6523
7301 27 6634
7301 27 6759
7301 27 6832
7301 27 6914
7301 27 6918
7301 27 6946
7301 27 7052
7301 27 7092
7301 27 7694
7301 27 7707
7301 27 7757
7301 27 7833
7301 27 7871
7301 27 7890
7301 27 7908
7301 27 7979
7301 27 7992
7301 27 8044
7301 27 8079
7298 2 5079
7298 2 7301
7299 1 7301
7300 1 7301
7302 2 7092
7302 2 7301
7305 1 6714
7171 9 4632
7171 9 5079
7171 9 6714
7171 9 7092
7171 9 7553
7171 9 7632
7171 9 7662
7171 9 7809
7171 9 8043
7309 1 5969
7310 1 5969
7317 15 5199
7317 15 5760
7317 15 5897
7317 15 6198
7317 15 6424
7317 15 6503
7317 15 6596
7317 15 6832
7317 15 7146
7317 15 7295
7317 15 7318
7317 15 7323
7317 15 7341
7317 15 7351
7317 15 7387
7320 1 7319
7294 39 155
7294 39 1026
7294 39 1982
7294 39 3084
7294 39 3334
7294 39 3459
7294 39 3962
7294 39 4940
7294 39 4983
7294 39 5002
7294 39 5079
7294 39 5148
7294 39 5179
7294 39 5199
7294 39 5246
7294 39 5605
7294 39 5655
7294 39 5800
7294 39 5806
7294 39 5811
7294 39 5839
7294 39 6032
7294 39 6243
7294 39 6414
7294 39 6523
7294 39 6555
7294 39 6618
7294 39 6832
7294 39 6979
7294 39 6993
7294 39 7225
7294 39 7393
7294 39 7400
7294 39 7414
7294 39 7510
7294 39 7620
7294 39 7632
7294 39 7651
7294 39 8121
7326 1 5199
7327 6 4361
7327 6 5199
7327 6 6299
7327 6 6503
7327 6 6832
7327 6 7295
7281 12 5671
7281 12 5760
7281 12 5902
7281 12 6299
7281 12 6503
7281 12 7277
7281 12 7295
7281 12 7510
7281 12 7529
7281 12 7632
7281 12 7795
7281 12 7809
7329 2 6832
7329 2 7295
7333 1 7295
7330 2 5872
7330 2 7295
7332 1 6299
7335 15 3962
7335 15 5002
7335 15 5210
7335 15 5760
7335 15 6299
7335 15 6424
7335 15 6503
7335 15 6555
7335 15 6789
7335 15 6832
7335 15 7381
7335 15 7414
7335 15 7791
7335 15 7833
7335 15 8276
7336 1 6299
7337 1 6299
7341 2 5806
7341 2 7414
7342 1 4361
7345 1 4361
7343 12 3238
7343 12 3334
7343 12 4361
7343 12 5233
7343 12 5806
7343 12 6832
7343 12 6914
7343 12 7414
7343 12 7788
7343 12 7809
7343 12 7927
7343 12 8134
7344 3 155
7344 3 967
7344 3 4361
7347 1 6832
7348 2 6832
7348 2 7561
7349 1 6832
7350 21 155
7350 21 2940
7350 21 4940
7350 21 4981
7350 21 5800
7350 21 5806
7350 21 5872
7350 21 6243
7350 21 6320
7350 21 6618
7350 21 6832
7350 21 7381
7350 21 7414
7350 21 7553
7350 21 7561
7350 21 7618
7350 21 7624
7350 21 7695
7350 21 7726
7350 21 7809
7350 21 8224
7351 2 5897
7351 2 6832
7352 15 3310
7352 15 3334
7352 15 3459
7352 15 5079
7352 15 5148
7352 15 5835
7352 15 6447
7352 15 6832
7352 15 6980
7352 15 7092
7352 15 7378
7352 15 7386
7352 15 7544
7352 15 7740
7352 15 7809
7353 1 6832
7354 4 5800
7354 4 6832
7354 4 7351
7354 4 7478
7355 1 6832
7360 1 7351
7362 8 2565
7362 8 2940
7362 8 4884
7362 8 5233
7362 8 7116
7362 8 7381
7362 8 7587
7362 8 7618
7363 1 6789
7365 1 6596
7371 2 7373
7371 2 7567
7374 1 5760
7377 1 5760
7379 7 1026
7379 7 4632
7379 7 5289
7379 7 7088
7379 7 7237
7379 7 7381
7379 7 7529
7378 38 155
7378 38 1982
7378 38 2565
7378 38 3084
7378 38 3334
7378 38 3962
7378 38 4037
7378 38 5022
7378 38 5079
7378 38 5465
7378 38 5605
7378 38 5800
7378 38 5806
7378 38 5872
7378 38 6044
7378 38 6417
7378 38 6422
7378 38 6523
7378 38 6918
7378 38 6946
7378 38 6980
7378 38 7050
7378 38 7225
7378 38 7277
7378 38 7381
7378 38 7386
7378 38 7553
7378 38 7587
7378 38 7620
7378 38 7632
7378 38 7757
7378 38 7795
7378 38 7803
7378 38 7813
7378 38 7908
7378 38 8051
7378 38 8124
7378 38 8198
7380 3 6123
7380 3 7279
7380 3 7381
7357 9 1982
7357 9 5233
7357 9 7233
7357 9 7391
7357 9 7553
7357 9 7924
7357 9 8174
7357 9 8204
7357 9 8219
7199 2 5233
7199 2 7632
7382 1 5233
7383 2 2940
7383 2 5233
7387 4 3962
7387 4 7553
7387 4 7809
7387 4 7921
7386 25 4401
7386 25 4940
7386 25 5022
7386 25 5378
7386 25 5421
7386 25 6422
7386 25 6618
7386 25 7021
7386 25 7280
7386 25 7387
7386 25 7434
7386 25 7553
7386 25 7567
7386 25 7620
7386 25 7649
7386 25 7791
7386 25 7803
7386 25 7809
7386 25 7813
7386 25 7833
7386 25 7857
7386 25 7882
7386 25 8249
7386 25 8275
7386 25 8277
7389 2 2940
7389 2 7450
7390 24 1865
7390 24 2658
7390 24 2940
7390 24 3238
7390 24 3962
7390 24 5179
7390 24 5671
7390 24 5872
7390 24 6424
7390 24 6555
7390 24 7047
7390 24 7063
7390 24 7225
7390 24 7280
7390 24 7423
7390 24 7442
7390 24 7443
7390 24 7620
7390 24 7632
7390 24 7646
7390 24 7647
7390 24 7651
7390 24 7809
7390 24 7961
7391 52 1982
7391 52 2223
7391 52 2658
7391 52 2940
7391 52 4401
7391 52 4940
7391 52 4983
7391 52 5022
7391 52 5179
7391 52 5210
7391 52 5246
7391 52 5393
7391 52 5466
7391 52 6032
7391 52 6422
7391 52 6523
7391 52 6634
7391 52 6737
7391 52 6993
7391 52 7047
7391 52 7050
7391 52 7052
7391 52 7120
7391 52 7233
7391 52 7237
7391 52 7341
7391 52 7443
7391 52 7529
7391 52 7544
7391 52 7553
7391 52 7604
7391 52 7620
7391 52 7649
7391 52 7683
7391 52 7726
7391 52 7809
7391 52 7835
7391 52 7862
7391 52 7921
7391 52 7924
7391 52 7965
7391 52 7992
7391 52 8019
7391 52 8051
7391 52 8122
7391 52 8174
7391 52 8192
7391 52 8198
7391 52 8209
7391 52 8212
7391 52 8224
7391 52 8249
7392 1 2940
7321 3 2940
7321 3 3293
7321 3 7389
7394 5 3293
7394 5 5643
7394 5 6424
7394 5 7063
7394 5 7620
7400 15 3885
7400 15 4940
7400 15 5022
7400 15 5079
7400 15 5806
7400 15 5839
7400 15 6032
7400 15 6123
7400 15 6417
7400 15 7225
7400 15 7414
7400 15 7450
7400 15 7553
7400 15 7632
7400 15 7662
7170 1 6123
7401 3 5872
7401 3 6123
7401 3 7510
7402 5 3334
7402 5 6123
7402 5 6241
7402 5 6712
7402 5 7632
7403 1 6123
7404 1 6123
7405 18 3962
7405 18 4037
7405 18 5028
7405 18 5096
7405 18 5605
7405 18 6123
7405 18 6875
7405 18 6946
7405 18 6980
7405 18 7050
7405 18 7063
7405 18 7443
7405 18 7618
7405 18 7624
7405 18 7763
7405 18 7835
7405 18 7927
7405 18 8163
7407 1 6946
7409 10 1982
7409 10 3334
7409 10 5002
7409 10 5811
7409 10 5839
7409 10 7052
7409 10 7553
7409 10 7632
7409 10 7646
7409 10 7839
7393 12 5002
7393 12 5378
7393 12 5839
7393 12 7092
7393 12 7225
7393 12 7414
7393 12 7553
7393 12 7651
7393 12 7662
7393 12 7695
7393 12 7840
7393 12 8237
7413 2 7279
7413 2 7414
7416 1 6417
7417 2 5902
7417 2 6442
7418 2 4981
7418 2 6442
7419 1 6442
7420 1 6442
7421 9 1982
7421 9 4037
7421 9 4940
7421 9 7238
7421 9 7279
7421 9 7422
7421 9 7979
7421 9 8163
7421 9 8192
7424 4 3334
7424 4 4037
7424 4 5605
7424 4 7908
7425 7 3334
7425 7 4037
7425 7 4940
7425 7 6780
7425 7 6946
7425 7 7553
7425 7 7649
7426 2 3000
7426 2 3334
7427 1 3334
7428 2 3334
7428 2 3459
7429 1 3334
7430 1 3334
7431 1 3334
7441 3 4341
7441 3 7442
7441 3 8168
7443 10 2658
7443 10 3962
7443 10 5800
7443 10 6043
7443 10 6414
7443 10 7092
7443 10 7280
7443 10 7809
7443 10 7882
7443 10 8192
7444 3 7450
7444 3 7620
7444 3 7632
7448 1 7450
7445 1 7450
7446 1 7450
7447 1 7450
7449 39 1982
7449 39 3297
7449 39 3752
7449 39 3962
7449 39 4507
7449 39 4940
7449 39 5079
7449 39 5378
7449 39 5614
7449 39 5643
7449 39 5812
7449 39 5872
7449 39 5887
7449 39 5902
7449 39 6422
7449 39 6759
7449 39 7021
7449 39 7277
7449 39 7279
7449 39 7341
7449 39 7393
7449 39 7450
7449 39 7508
7449 39 7553
7449 39 7574
7449 39 7642
7449 39 7649
7449 39 7740
7449 39 7839
7449 39 7921
7449 39 7979
7449 39 8042
7449 39 8073
7449 39 8090
7449 39 8134
7449 39 8174
7449 39 8186
7449 39 8219
7449 39 8224
7451 1 7131
7452 3 4037
7452 3 6914
7452 3 7131
7453 1 7131
7181 2 4037
7181 2 7131
7180 4 4037
7180 4 6914
7180 4 7131
7180 4 7803
7454 1 7131
7455 4 7131
7455 4 7237
7455 4 7510
7455 4 7529
7456 1 7131
7457 1 7131
7458 1 7131
7459 1 7131
7461 1 7131
7462 1 7131
7465 1 7467
7466 1 7467
7473 1 7478
7474 1 7478
7468 1 7478
7469 1 7478
7476 2 7478
7476 2 7512
7477 1 7478
7470 1 7478
7480 1 7279
7481 1 7279
7482 1 6243
7483 1 6243
7484 3 5806
7484 3 5872
7484 3 5902
7485 1 6000
7486 1 6000
7487 1 6000
7490 27 2223
7490 27 3238
7490 27 3310
7490 27 3381
7490 27 4507
7490 27 5002
7490 27 5028
7490 27 5421
7490 27 5605
7490 27 5969
7490 27 6424
7490 27 6560
7490 27 6712
7490 27 6780
7490 27 6934
7490 27 6993
7490 27 7280
7490 27 7618
7490 27 7647
7490 27 7662
7490 27 7695
7490 27 7699
7490 27 7992
7490 27 8007
7490 27 8025
7490 27 8083
7490 27 8128
7492 3 4875
7492 3 7378
7492 3 7624
7493 4 4875
7493 4 5421
7493 4 7225
7493 4 7646
7494 1 7495
7501 1 5289
7502 3 5289
7502 3 7544
7502 3 7553
7503 1 5289
7505 1 5902
7509 1 7510
7471 9 2658
7471 9 3084
7471 9 6914
7471 9 7237
7471 9 7512
7471 9 7632
7471 9 7649
7471 9 7946
7471 9 7965
7511 16 3752
7511 16 4037
7511 16 4981
7511 16 4983
7511 16 5614
7511 16 6043
7511 16 6780
7511 16 6946
7511 16 7021
7511 16 7512
7511 16 7620
7511 16 7707
7511 16 7810
7511 16 7813
7511 16 7890
7511 16 8044
7514 3 155
7514 3 4879
7514 3 7088
7515 1 7088
7513 1 7088
7517 2 3293
7517 2 7493
7518 3 4037
7518 3 4632
7518 3 7620
7520 3 6174
7520 3 7624
7520 3 7649
7376 4 3459
7376 4 4435
7376 4 7063
7376 4 7237
7522 1 737
7523 1 737
7524 1 737
7525 1 737
7527 1 7529
7528 1 7529
7531 1 7054
7538 1 7378
7540 1 7378
7535 1 7378
7536 1 7378
7537 1 7378
7544 11 1982
7544 11 5671
7544 11 6032
7544 11 6555
7544 11 7005
7544 11 7092
7544 11 7553
7544 11 7788
7544 11 7813
7544 11 7924
7544 11 8226
7549 2 3459
7549 2 7553
7545 1 7553
7546 3 5028
7546 3 5421
7546 3 7553
7550 1 7553
7554 3 3459
7554 3 5835
7554 3 7624
7563 1 4341
7564 31 2565
7564 31 2658
7564 31 3238
7564 31 3293
7564 31 4037
7564 31 4341
7564 31 5002
7564 31 5028
7564 31 5465
7564 31 5605
7564 31 5614
7564 31 6044
7564 31 6712
7564 31 6934
7564 31 6946
7564 31 7587
7564 31 7618
7564 31 7624
7564 31 7646
7564 31 7662
7564 31 7860
7564 31 7908
7564 31 8042
7564 31 8044
7564 31 8051
7564 31 8073
7564 31 8121
7564 31 8124
7564 31 8128
7564 31 8168
7564 31 8219
7415 6 1026
7415 6 5079
7415 6 6914
7415 6 7225
7415 6 7400
7415 6 7632
7150 10 5839
7150 10 6555
7150 10 6914
7150 10 7005
7150 10 7021
7150 10 7052
7150 10 7280
7150 10 7400
7150 10 7649
7150 10 7683
7565 3 1026
7565 3 7400
7565 3 7587
7569 4 155
7569 4 2565
7569 4 7618
7569 4 7624
7570 3 155
7570 3 5096
7570 3 7778
7571 1 155
7572 1 155
7576 1 1026
7577 1 1026
7578 28 967
7578 28 1026
7578 28 1498
7578 28 3962
7578 28 4037
7578 28 4071
7578 28 4435
7578 28 4981
7578 28 5020
7578 28 5022
7578 28 5079
7578 28 5096
7578 28 5378
7578 28 5605
7578 28 5812
7578 28 6618
7578 28 6918
7578 28 6946
7578 28 6979
7578 28 7005
7578 28 7092
7578 28 7833
7578 28 7855
7578 28 7908
7578 28 8122
7578 28 8163
7578 28 8165
7578 28 8174
7579 9 1026
7579 9 3310
7579 9 5210
7579 9 5529
7579 9 6914
7579 9 7050
7579 9 7620
7579 9 7788
7579 9 7795
7580 19 1026
7580 19 2565
7580 19 4884
7580 19 5002
7580 19 5421
7580 19 5500
7580 19 6424
7580 19 6712
7580 19 6934
7580 19 7116
7580 19 7225
7580 19 7587
7580 19 7620
7580 19 7647
7580 19 7651
7580 19 7658
7580 19 7662
7580 19 7666
7580 19 7673
7581 1 1026
7585 1 7587
7586 7 3084
7586 7 3238
7586 7 7587
7586 7 7683
7586 7 7757
7586 7 7763
7586 7 7809
7588 8 5079
7588 8 6174
7588 8 7116
7588 8 7391
7588 8 7604
7588 8 7618
7588 8 7624
7588 8 8141
7593 3 7225
7593 3 7618
7593 3 7624
7594 4 3293
7594 4 5819
7594 4 7225
7594 4 8083
7595 1 7225
7597 4 4037
7597 4 4884
7597 4 7225
7597 4 7620
7598 33 3238
7598 33 3752
7598 33 3962
7598 33 4884
7598 33 4981
7598 33 5028
7598 33 5421
7598 33 5466
7598 33 5529
7598 33 5839
7598 33 6043
7598 33 6151
7598 33 6241
7598 33 6555
7598 33 6712
7598 33 6914
7598 33 6934
7598 33 7047
7598 33 7116
7598 33 7225
7598 33 7386
7598 33 7588
7598 33 7632
7598 33 7649
7598 33 7683
7598 33 7694
7598 33 7695
7598 33 7699
7598 33 7809
7598 33 7862
7598 33 7890
7598 33 7913
7598 33 7924
7599 1 7225
7600 1 7225
7602 1 5500
7605 3 2565
7605 3 3752
7605 3 7924
7608 2 4884
7608 2 5210
7610 1 4884
7611 1 4884
7613 1 4884
7609 2 7620
7609 2 7839
7614 39 1191
7614 39 3084
7614 39 3238
7614 39 3310
7614 39 3752
7614 39 3962
7614 39 5002
7614 39 5028
7614 39 5079
7614 39 5179
7614 39 5466
7614 39 5529
7614 39 5839
7614 39 6032
7614 39 6151
7614 39 6174
7614 39 6241
7614 39 6320
7614 39 6422
7614 39 6523
7614 39 6555
7614 39 6560
7614 39 6914
7614 39 7047
7614 39 7092
7614 39 7386
7614 39 7544
7614 39 7620
7614 39 7624
7614 39 7632
7614 39 7658
7614 39 7707
7614 39 7726
7614 39 7795
7614 39 7809
7614 39 7819
7614 39 7874
7614 39 7879
7614 39 7952
7615 1 7620
7616 1 7620
7617 1 7620
7618 3 6523
7618 3 7092
7618 3 7620
7619 1 7620
7623 3 5028
7623 3 5465
7623 3 7647
7625 6 5028
7625 6 6634
7625 6 7050
7625 6 7632
7625 6 7803
7625 6 7924
7626 1 5028
7050 5 5839
7050 5 6634
7050 5 7120
7050 5 7632
7050 5 7839
7630 1 7632
7629 1 7632
7634 1 7021
7639 1 6280
7638 1 6280
7601 3 5002
7601 3 7646
7601 3 7653
7642 1 5179
7644 1 7646
7645 1 7646
7648 1 7391
7647 4 6934
7647 4 7662
7647 4 7666
7647 4 7668
7649 10 3238
7649 10 5210
7649 10 5529
7649 10 5839
7649 10 6044
7649 10 6979
7649 10 7052
7649 10 7443
7649 10 7651
7649 10 7965
7653 1 7986
7659 6 967
7659 6 3962
7659 6 6712
7659 6 6934
7659 6 7662
7659 6 7855
7660 1 7662
7650 2 1498
7650 2 7662
7661 4 3381
7661 4 7280
7661 4 7662
7661 4 7757
7663 1 3238
7664 1 3238
7665 6 3238
7665 6 4432
7665 6 7047
7665 6 7683
7665 6 7695
7665 6 7810
7666 14 6320
7666 14 6555
7666 14 6759
7666 14 6924
7666 14 6946
7666 14 6980
7666 14 7012
7666 14 7277
7666 14 7397
7666 14 7669
7666 14 7691
7666 14 7699
7666 14 7701
7666 14 8121
7670 1 6712
7675 25 1498
7675 25 1982
7675 25 2223
7675 25 2658
7675 25 3770
7675 25 4983
7675 25 5020
7675 25 5096
7675 25 5179
7675 25 5378
7675 25 6422
7675 25 6618
7675 25 6759
7675 25 6946
7675 25 7021
7675 25 7386
7675 25 7397
7675 25 7666
7675 25 7778
7675 25 7979
7675 25 7994
7675 25 7996
7675 25 8002
7675 25 8192
7675 25 8212
7676 5 4940
7676 5 6737
7676 5 7047
7676 5 7238
7676 5 8178
7677 12 4037
7677 12 4940
7677 12 5022
7677 12 6875
7677 12 7047
7677 12 7238
7677 12 7517
7677 12 7924
7677 12 7928
7677 12 7992
7677 12 8038
7677 12 8224
7678 2 4940
7678 2 7047
7679 26 3084
7679 26 5022
7679 26 5079
7679 26 5148
7679 26 5529
7679 26 5605
7679 26 5643
7679 26 6151
7679 26 6241
7679 26 6555
7679 26 6634
7679 26 6875
7679 26 7021
7679 26 7238
7679 26 7277
7679 26 7280
7679 26 7391
7679 26 7443
7679 26 7694
7679 26 7695
7679 26 7699
7679 26 7809
7679 26 7813
7679 26 7855
7679 26 8219
7679 26 8235
7682 36 1191
7682 36 3297
7682 36 4037
7682 36 4507
7682 36 5020
7682 36 5148
7682 36 5210
7682 36 5529
7682 36 5643
7682 36 6422
7682 36 6560
7682 36 6759
7682 36 6875
7682 36 6914
7682 36 6946
7682 36 6979
7682 36 7092
7682 36 7386
7682 36 7574
7682 36 7620
7682 36 7683
7682 36 7839
7682 36 7862
7682 36 7874
7682 36 7881
7682 36 7910
7682 36 7927
7682 36 7928
7682 36 7952
7682 36 7961
7682 36 8038
7682 36 8128
7682 36 8132
7682 36 8148
7682 36 8169
7682 36 8209
7684 2 7120
7684 2 7683
7685 13 4401
7685 13 5179
7685 13 6618
7685 13 6634
7685 13 7391
7685 13 7683
7685 13 7757
7685 13 7908
7685 13 8037
7685 13 8124
7685 13 8174
7685 13 8198
7685 13 8219
7687 3 6560
7687 3 7120
7687 3 7683
7686 2 7120
7686 2 7683
7691 19 3752
7691 19 3962
7691 19 4071
7691 19 4983
7691 19 5179
7691 19 5933
7691 19 6032
7691 19 6946
7691 19 7063
7691 19 7092
7691 19 7694
7691 19 7778
7691 19 7835
7691 19 7855
7691 19 7862
7691 19 7871
7691 19 7946
7691 19 7961
7691 19 7979
7695 3 3381
7695 3 6151
7695 3 8224
7696 4 7695
7696 4 7707
7696 4 7810
7696 4 8019
7697 19 3962
7697 19 5179
7697 19 6634
7697 19 6980
7697 19 7120
7697 19 7277
7697 19 7443
7697 19 7588
7697 19 7649
7697 19 7695
7697 19 7734
7697 19 7740
7697 19 7763
7697 19 7803
7697 19 7809
7697 19 7908
7697 19 8079
7697 19 8132
7697 19 8168
7698 1 7699
7701 3 6320
7701 3 6980
7701 3 7588
7703 2 5179
7703 2 7707
7704 1 7707
7705 1 7707
7706 2 5671
7706 2 7707
7715 1 6523
7716 2 5839
7716 2 6523
7719 4 4071
7719 4 6523
7719 4 6914
7719 4 7763
7717 2 5839
7717 2 6523
7720 1 6924
7721 1 1865
7724 2 1865
7724 2 7544
7726 3 3310
7726 3 7809
7726 3 7961
7728 2 7726
7728 2 7763
7727 30 1982
7727 30 3962
7727 30 4037
7727 30 4071
7727 30 4981
7727 30 4983
7727 30 5022
7727 30 5246
7727 30 5839
7727 30 6032
7727 30 6634
7727 30 6946
7727 30 6979
7727 30 7233
7727 30 7238
7727 30 7341
7727 30 7391
7727 30 7553
7727 30 7620
7727 30 7726
7727 30 7835
7727 30 7871
7727 30 7910
7727 30 7921
7727 30 7965
7727 30 7992
7727 30 8002
7727 30 8024
7727 30 8122
7727 30 8174
7729 1 7730
7732 1 7734
7733 45 1982
7733 45 2658
7733 45 3962
7733 45 4037
7733 45 4401
7733 45 4432
7733 45 4940
7733 45 4981
7733 45 5022
7733 45 5064
7733 45 5079
7733 45 5246
7733 45 5605
7733 45 5812
7733 45 6032
7733 45 6414
7733 45 6422
7733 45 6555
7733 45 6618
7733 45 6634
7733 45 6914
7733 45 6946
7733 45 6979
7733 45 7005
7733 45 7021
7733 45 7050
7733 45 7063
7733 45 7092
7733 45 7120
7733 45 7389
7733 45 7553
7733 45 7620
7733 45 7666
7733 45 7734
7733 45 7791
7733 45 7809
7733 45 7810
7733 45 7833
7733 45 7839
7733 45 7862
7733 45 7910
7733 45 8051
7733 45 8121
7733 45 8174
7733 45 8198
7736 2 7120
7736 2 7757
7737 1 5671
7738 6 3084
7738 6 5148
7738 6 5671
7738 6 7277
7738 6 7795
7738 6 7839
7740 1 6980
7741 4 5148
7741 4 6980
7741 4 7757
7741 4 7763
7742 1 6980
7743 13 2223
7743 13 4037
7743 13 4507
7743 13 4940
7743 13 5179
7743 13 6422
7743 13 6914
7743 13 6980
7743 13 7005
7743 13 7757
7743 13 7992
7743 13 8168
7743 13 8169
7744 50 967
7744 50 1982
7744 50 3310
7744 50 3381
7744 50 3770
7744 50 3962
7744 50 4037
7744 50 4401
7744 50 4432
7744 50 4940
7744 50 4983
7744 50 5022
7744 50 5079
7744 50 5179
7744 50 5738
7744 50 5812
7744 50 5819
7744 50 5839
7744 50 5933
7744 50 6555
7744 50 6618
7744 50 6634
7744 50 6914
7744 50 6918
7744 50 6979
7744 50 7021
7744 50 7092
7744 50 7238
7744 50 7449
7744 50 7544
7744 50 7553
7744 50 7620
7744 50 7740
7744 50 7803
7744 50 7809
7744 50 7810
7744 50 7890
7744 50 7910
7744 50 7924
7744 50 7961
7744 50 7979
7744 50 8051
7744 50 8121
7744 50 8174
7744 50 8178
7744 50 8209
7744 50 8219
7744 50 8225
7744 50 8249
7744 50 8263
7745 1 5148
7747 8 4981
7747 8 5148
7747 8 5179
7747 8 5839
7747 8 6993
7747 8 7277
7747 8 7795
7747 8 7809
7750 2 4940
7750 2 7757
7751 1 7757
7752 2 7005
7752 2 7757
7753 2 7005
7753 2 7757
7755 13 1982
7755 13 5064
7755 13 5079
7755 13 5529
7755 13 6043
7755 13 6044
7755 13 6560
7755 13 6634
7755 13 7277
7755 13 7386
7755 13 7620
7755 13 7757
7755 13 7803
7756 2 7005
7756 2 7757
7758 1 7763
7759 4 4981
7759 4 4983
7759 4 7763
7759 4 7961
7760 1 7763
7761 1 7763
7762 1 7763
7766 13 1191
7766 13 3310
7766 13 4435
7766 13 5529
7766 13 6151
7766 13 6555
7766 13 7005
7766 13 7788
7766 13 7803
7766 13 7809
7766 13 7855
7766 13 7862
7766 13 7871
7767 2 7277
7767 2 7280
7768 11 1498
7768 11 3752
7768 11 3962
7768 11 6174
7768 11 6414
7768 11 7021
7768 11 7393
7768 11 7879
7768 11 7882
7768 11 7890
7768 11 7927
7769 19 967
7769 19 3752
7769 19 3962
7769 19 4071
7769 19 5933
7769 19 6032
7769 19 6174
7769 19 6414
7769 19 7012
7769 19 7021
7769 19 7871
7769 19 7879
7769 19 7882
7769 19 7890
7769 19 7908
7769 19 7910
7769 19 7912
7769 19 7927
7769 19 7946
7770 2 5933
7770 2 6174
7771 3 5079
7771 3 7778
7771 3 7928
7772 20 1982
7772 20 4432
7772 20 5064
7772 20 5179
7772 20 5378
7772 20 7233
7772 20 7389
7772 20 7778
7772 20 7791
7772 20 7833
7772 20 8073
7772 20 8134
7772 20 8174
7772 20 8178
7772 20 8192
7772 20 8204
7772 20 8212
7772 20 8237
7772 20 8249
7772 20 8276
7773 1 7778
7774 35 1498
7774 35 1982
7774 35 3293
7774 35 4037
7774 35 5022
7774 35 5210
7774 35 5605
7774 35 5738
7774 35 5819
7774 35 6044
7774 35 6780
7774 35 6875
7774 35 6918
7774 35 7233
7774 35 7391
7774 35 7574
7774 35 7778
7774 35 7860
7774 35 7908
7774 35 7965
7774 35 7992
7774 35 8037
7774 35 8042
7774 35 8051
7774 35 8073
7774 35 8121
7774 35 8122
7774 35 8128
7774 35 8134
7774 35 8168
7774 35 8174
7774 35 8178
7774 35 8192
7774 35 8209
7774 35 8212
7775 11 2658
7775 11 5096
7775 11 5179
7775 11 5210
7775 11 5819
7775 11 5839
7775 11 6422
7775 11 7341
7775 11 7553
7775 11 7778
7775 11 7965
7777 1 7778
7779 2 6560
7779 2 7835
7780 3 6560
7780 3 7788
7780 3 7803
7781 1 6560
7782 1 6560
7783 1 6560
7789 1 7277
7790 4 5022
7790 4 6634
7790 4 7277
7790 4 7803
7791 4 5079
7791 4 6414
7791 4 7005
7791 4 7277
7792 7 6032
7792 7 6555
7792 7 7012
7792 7 7021
7792 7 7277
7792 7 7835
7792 7 7927
7796 1 7795
7800 1 7803
7804 1 7803
7801 1 7803
7805 1 7803
7802 1 7803
7806 2 5529
7806 2 5839
7808 12 3084
7808 12 3752
7808 12 3770
7808 12 3962
7808 12 4037
7808 12 5079
7808 12 5096
7808 12 6634
7808 12 6914
7808 12 7809
7808 12 8124
7808 12 8174
7810 9 1982
7810 9 2223
7810 9 6737
7810 9 6875
7810 9 6993
7810 9 7620
7810 9 7979
7810 9 8174
7810 9 8224
7812 6 6043
7812 6 7092
7812 6 7649
7812 6 7839
7812 6 7890
7812 6 7899
7814 1 7386
7815 2 7386
7815 2 7620
7818 23 2223
7818 23 3752
7818 23 4071
7818 23 5022
7818 23 5079
7818 23 5096
7818 23 5210
7818 23 5643
7818 23 6946
7818 23 6979
7818 23 7819
7818 23 7871
7818 23 7874
7818 23 7912
7818 23 7946
7818 23 7952
7818 23 7961
7818 23 8007
7818 23 8024
7818 23 8025
7818 23 8042
7818 23 8083
7818 23 8134
7821 1 7649
7822 1 7649
7826 1 6709
7827 1 6709
7828 1 6709
7829 4 6044
7829 4 6555
7829 4 7092
7829 4 7879
7830 1 7092
7831 2 7092
7831 2 7393
7832 1 7092
7833 4 6914
7833 4 7092
7833 4 7238
7833 4 7890
7834 1 7092
7836 1 7092
7835 3 4435
7835 3 5179
7835 3 7092
7837 2 5079
7837 2 7839
7841 1 5839
7842 2 4981
7842 2 5079
7843 2 4983
7843 2 5079
7844 1 5079
7845 2 5079
7845 2 8121
7848 1 5079
7849 1 6555
7852 1 6555
7850 1 6555
7851 1 6555
7853 2 7855
7853 2 8178
7854 1 7855
7856 7 4432
7856 7 4435
7856 7 5605
7856 7 7835
7856 7 8121
7856 7 8168
7856 7 8192
7754 1 7005
7862 11 1982
7862 11 3293
7862 11 4037
7862 11 5210
7862 11 5605
7862 11 7860
7862 11 8024
7862 11 8042
7862 11 8043
7862 11 8174
7862 11 8192
7860 2 4983
7860 2 7862
7863 1 4981
7864 2 4981
7864 2 4983
7865 24 2658
7865 24 3293
7865 24 4981
7865 24 5022
7865 24 5096
7865 24 5179
7865 24 5378
7865 24 6044
7865 24 6618
7865 24 7021
7865 24 7063
7865 24 7233
7865 24 7238
7865 24 7517
7865 24 7620
7865 24 7835
7865 24 7882
7865 24 7908
7865 24 7961
7865 24 8042
7865 24 8051
7865 24 8163
7865 24 8212
7865 24 8275
7866 1 967
7867 1 7871
7868 1 7871
7870 1 7871
7873 6 4071
7873 6 5179
7873 6 6914
7873 6 7910
7873 6 7927
7873 6 7979
7874 4 4071
7874 4 6914
7874 4 7890
7874 4 7927
7875 2 6447
7875 2 7012
7877 6 4037
7877 6 4507
7877 6 4940
7877 6 7233
7877 6 7879
7877 6 7927
7878 1 7879
7882 11 1498
7882 11 2658
7882 11 3752
7882 11 3962
7882 11 4940
7882 11 5096
7882 11 6414
7882 11 6618
7882 11 7021
7882 11 7910
7882 11 8033
7885 6 4037
7885 6 5605
7885 6 6875
7885 6 7691
7885 6 7882
7885 6 7928
7883 1 7882
7884 5 1982
7884 5 4401
7884 5 7553
7884 5 7620
7884 5 7882
7886 1 7890
7887 1 7890
7888 1 7890
7889 1 7890
7891 1 6914
7892 1 6914
7893 2 6914
7893 2 8174
7372 1 6914
7894 1 6914
7900 27 4037
7900 27 4507
7900 27 5064
7900 27 5210
7900 27 5246
7900 27 5605
7900 27 5819
7900 27 6918
7900 27 6946
7900 27 7391
7900 27 7517
7900 27 7574
7900 27 7620
7900 27 7860
7900 27 7908
7900 27 8037
7900 27 8042
7900 27 8044
7900 27 8083
7900 27 8121
7900 27 8122
7900 27 8128
7900 27 8134
7900 27 8163
7900 27 8168
7900 27 8169
7900 27 8192
7901 30 1982
7901 30 4037
7901 30 4401
7901 30 4432
7901 30 5210
7901 30 5378
7901 30 5605
7901 30 5812
7901 30 6044
7901 30 6618
7901 30 6634
7901 30 6737
7901 30 6875
7901 30 6918
7901 30 6946
7901 30 7233
7901 30 7391
7901 30 7553
7901 30 7860
7901 30 7908
7901 30 7979
7901 30 8037
7901 30 8042
7901 30 8051
7901 30 8174
7901 30 8192
7901 30 8209
7901 30 8212
7901 30 8219
7901 30 8224
7902 21 1498
7902 21 1982
7902 21 2658
7902 21 3293
7902 21 4432
7902 21 5605
7902 21 6737
7902 21 6875
7902 21 6946
7902 21 7233
7902 21 7391
7902 21 7908
7902 21 8042
7902 21 8051
7902 21 8128
7902 21 8132
7902 21 8148
7902 21 8163
7902 21 8192
7902 21 8209
7902 21 8224
7903 4 4037
7903 4 5022
7903 4 7908
7903 4 8174
7904 6 2658
7904 6 6634
7904 6 7391
7904 6 7908
7904 6 7912
7904 6 7927
7905 1 7908
7906 10 1982
7906 10 4037
7906 10 4401
7906 10 5887
7906 10 7050
7906 10 7553
7906 10 7908
7906 10 8212
7906 10 8219
7906 10 8224
7907 12 4983
7907 12 5022
7907 12 5179
7907 12 7620
7907 12 7908
7907 12 7979
7907 12 7992
7907 12 8002
7907 12 8083
7907 12 8163
7907 12 8168
7907 12 8178
7910 4 3962
7910 4 6044
7910 4 7012
7910 4 7912
7911 1 7912
7869 1 7912
7914 1 5933
7915 1 3962
7916 2 3962
7916 2 7012
7919 3 4940
7919 3 7012
7919 3 7921
7920 1 7921
7922 1 7927
7923 1 7927
7924 2 6634
7924 2 7927
7925 1 7927
7928 3 6634
7928 3 7233
7928 3 8178
7930 1 5179
7929 4 4037
7929 4 5179
7929 4 6044
7929 4 6634
7932 2 5179
7932 2 8168
7933 4 4037
7933 4 5179
7933 4 5210
7933 4 6875
7931 2 5179
7931 2 6979
7934 1 5179
7935 1 5179
7937 1 7021
7938 2 6634
7938 2 7021
7939 1 7021
7940 1 7021
7941 1 7021
7942 1 7021
7944 1 7012
7945 5 5022
7945 5 5605
7945 5 7620
7945 5 7946
7945 5 8192
7948 2 5096
7948 2 7910
7949 1 7910
7950 1 7910
7953 1 5466
7954 1 7835
7955 1 7835
7956 1 7835
7959 1 7961
7960 1 7961
7964 11 2223
7964 11 5020
7964 11 5022
7964 11 5096
7964 11 5210
7964 11 5819
7964 11 6618
7964 11 7620
7964 11 7965
7964 11 8024
7964 11 8122
7966 1 6422
7968 3 6422
7968 3 6634
7968 3 7553
7969 2 6422
7969 2 7928
7967 4 6422
7967 4 7553
7967 4 7810
7967 4 8249
7970 1 6422
7972 1 7973
7974 1 5096
7975 1 5096
7976 1 5096
7978 1 7979
7980 15 1498
7980 15 2223
7980 15 2658
7980 15 3297
7980 15 5022
7980 15 5246
7980 15 5887
7980 15 6759
7980 15 7860
7980 15 7979
7980 15 7992
7980 15 8044
7980 15 8068
7980 15 8132
7980 15 8134
7981 1 7982
7985 1 2658
7993 2 4037
7993 2 7992
7995 1 7996
7998 1 8002
7999 1 8002
7472 1 8178
7861 2 5738
7861 2 7233
7637 1 7833
