8000 1 8002
8001 1 8002
8005 2 2223
8005 2 4401
8006 1 8007
8009 1 6044
8010 2 6044
8010 2 8042
8011 1 6044
8012 7 4037
8012 7 5210
8012 7 6044
8012 7 6946
8012 7 7860
8012 7 8042
8012 7 8044
8013 1 6044
8014 1 8015
8021 1 8051
8020 1 8021
8027 1 8028
8035 1 6946
8037 1 8246
8036 19 4940
8036 19 5605
8036 19 5614
8036 19 6780
8036 19 6875
8036 19 7233
8036 19 7238
8036 19 7391
8036 19 7553
8036 19 7810
8036 19 7860
8036 19 8037
8036 19 8121
8036 19 8124
8036 19 8128
8036 19 8163
8036 19 8168
8036 19 8174
8036 19 8192
8042 1 6634
8040 1 8042
8041 3 5605
8041 3 7620
8041 3 8042
8045 7 5812
8045 7 6307
8045 7 6634
8045 7 7389
8045 7 8235
8045 7 8246
8045 7 8271
8046 16 4401
8046 16 4432
8046 16 4940
8046 16 5378
8046 16 5812
8046 16 6618
8046 16 7389
8046 16 7553
8046 16 7791
8046 16 7810
8046 16 7924
8046 16 8051
8046 16 8212
8046 16 8246
8046 16 8249
8046 16 8263
8047 20 1982
8047 20 4401
8047 20 4432
8047 20 4940
8047 20 5378
8047 20 5812
8047 20 6618
8047 20 6634
8047 20 6737
8047 20 7233
8047 20 7238
8047 20 7389
8047 20 7810
8047 20 7833
8047 20 8051
8047 20 8219
8047 20 8224
8047 20 8237
8047 20 8249
8047 20 8276
8048 3 5378
8048 3 5812
8048 3 8235
8049 1 5812
8051 8 5378
8051 8 5812
8051 8 7553
8051 8 7791
8051 8 8219
8051 8 8237
8051 8 8246
8051 8 8249
8052 1 5812
8053 20 4940
8053 20 5022
8053 20 5378
8053 20 5614
8053 20 5812
8053 20 6780
8053 20 7050
8053 20 7391
8053 20 7553
8053 20 7791
8053 20 7810
8053 20 7924
8053 20 8178
8053 20 8209
8053 20 8219
8053 20 8224
8053 20 8235
8053 20 8237
8053 20 8249
8053 20 8263
8054 2 5812
8054 2 6634
8055 1 7860
8056 1 7860
8057 1 7860
8060 5 3293
8060 5 6875
8060 5 8121
8060 5 8168
8060 5 8192
8061 5 3293
8061 5 4037
8061 5 4940
8061 5 5022
8061 5 7553
8062 1 5210
8063 3 5210
8063 3 8121
8063 3 8192
8064 1 5210
8065 1 5210
8066 3 4037
8066 3 5022
8066 3 5210
8069 4 5819
8069 4 6780
8069 4 7620
8069 4 7924
8070 1 5819
8071 1 5819
8072 1 5819
8074 1 8076
8075 1 8076
8077 2 6918
8077 2 8079
8080 1 8083
8081 1 8083
8023 1 6780
8084 1 6780
8085 16 4401
8085 16 4432
8085 16 4940
8085 16 5022
8085 16 5614
8085 16 6618
8085 16 6634
8085 16 6780
8085 16 7050
8085 16 7391
8085 16 7553
8085 16 7924
8085 16 8163
8085 16 8174
8085 16 8192
8085 16 8198
8086 1 6780
8087 1 6780
8088 2 1982
8088 2 8089
8091 1 5022
8092 5 4037
8092 5 5022
8092 5 8192
8092 5 8198
8092 5 8219
8093 1 5022
8094 4 5022
8094 4 7928
8094 4 8275
8094 4 8276
8095 1 5022
8096 1 5022
8098 1 4037
8099 1 4037
8100 1 4037
8101 1 4037
8102 1 4037
8108 1 4037
8103 1 4037
8104 1 4037
8105 1 4037
8111 2 4037
8111 2 7620
8112 2 4037
8112 2 8141
8106 1 4037
8107 13 4037
8107 13 4432
8107 13 4940
8107 13 5378
8107 13 6618
8107 13 6634
8107 13 7553
8107 13 7791
8107 13 7833
8107 13 7924
8107 13 8141
8107 13 8192
8107 13 8249
8114 1 4037
8115 1 4037
8109 1 4037
8110 1 4037
8118 1 8121
8119 1 8121
8120 1 8121
8126 1 4507
8131 2 8132
8131 2 8148
8133 1 7517
8134 1 7553
8135 1 8134
8138 1 8134
8136 1 8134
8097 2 7620
8097 2 8134
8137 1 8134
8140 1 8141
8142 1 8141
8144 1 8141
8145 2 7928
8145 2 8141
8146 2 5246
8146 2 8148
8147 1 8148
8152 10 1982
8152 10 4940
8152 10 5605
8152 10 6618
8152 10 7233
8152 10 7553
8152 10 7620
8152 10 7924
8152 10 8209
8152 10 8212
8153 1 5605
8155 1 7620
8156 5 4940
8156 5 6618
8156 5 7620
8156 5 7810
8156 5 8192
8158 1 7620
8159 1 7620
8157 2 6634
8157 2 7620
8161 1 8163
8162 9 5064
8162 9 5738
8162 9 7391
8162 9 8163
8162 9 8168
8162 9 8174
8162 9 8178
8162 9 8192
8162 9 8198
8166 1 6875
8167 1 6875
8170 1 8174
8171 3 7233
8171 3 8174
8171 3 8192
8172 1 8174
8173 7 1982
8173 7 5738
8173 7 7233
8173 7 7391
8173 7 8174
8173 7 8192
8173 7 8198
8177 1 8178
8179 1 8178
8184 1 8178
8180 1 8178
8181 1 8178
8182 1 8178
8183 1 8178
8187 1 7391
8189 4 5064
8189 4 5738
8189 4 7553
8189 4 8276
8190 4 4940
8190 4 7238
8190 4 7924
8190 4 8192
8193 2 7553
8193 2 8192
8194 1 8192
8195 1 8192
8196 1 8198
8197 1 8198
8199 1 5064
8202 1 7233
8203 1 7233
8206 1 7233
8204 2 7233
8204 2 8212
8205 1 7233
8211 11 4401
8211 11 4432
8211 11 6618
8211 11 6737
8211 11 7238
8211 11 7389
8211 11 7810
8211 11 8051
8211 11 8212
8211 11 8237
8211 11 8249
8213 1 1982
8215 1 8051
8216 1 8051
8221 1 8219
8222 6 4401
8222 6 6634
8222 6 7553
8222 6 7924
8222 6 8224
8222 6 8249
8050 9 4432
8050 9 4940
8050 9 6618
8050 9 6737
8050 9 7238
8050 9 7833
8050 9 8246
8050 9 8249
8050 9 8263
8227 1 4401
8231 1 5378
8232 1 5378
8233 1 5378
8236 1 8237
8214 1 7553
8238 1 7553
8241 2 4432
8241 2 4940
8242 1 4432
8243 6 4432
8243 6 6307
8243 6 6618
8243 6 6634
8243 6 6924
8243 6 8263
8244 1 7050
8245 1 7050
8248 1 8249
8229 1 8249
8251 1 6618
8252 1 6634
8253 1 6634
8254 1 6634
8255 1 6634
8256 1 6634
8260 1 6737
8261 1 6737
8262 1 7389
8263 2 4940
8263 2 7389
8264 1 7238
8265 1 7238
8266 1 7238
8270 2 4940
8270 2 7833
8271 1 7833
8272 1 4940
8273 1 4940
8150 2 8275
8150 2 8276
