4036 0.00434764
14 0.00347257
6633 0.0033848
2624 0.00309868
2397 0.00246168
2469 0.0023816
2236 0.00235599
4190 0.0021401
7552 0.0020475
5253 0.00202898
2327 0.00192438
1185 0.00192087
1296 0.00183623
4334 0.00182766
7619 0.00182324
5411 0.00181082
7631 0.00180027
4874 0.00176826
6945 0.00170655
3351 0.00168346
6831 0.00166858
2653 0.00166744
761 0.00164401
736 0.00164164
2065 0.00161905
8292 0.00160924
3088 0.00160613
27 0.00159367
2534 0.00157234
3333 0.00156362
213 0.00155848
664 0.00155051
4734 0.00152799
6773 0.00152392
7091 0.0015114
2564 0.0014638
5483 0.0014561
8041 0.00139361
4309 0.00137964
5422 0.00133777
1210 0.00133772
3455 0.00133705
2656 0.00128829
5403 0.00128712
5232 0.00128507
4711 0.0012663
270 0.00125155
4827 0.00122736
5078 0.00122598
4260 0.00121333
5209 0.00120817
8162 0.00119209
6913 0.0011895
3458 0.00118649
2284 0.00117172
1548 0.00117157
1841 0.00116561
4665 0.00114366
992 0.00113264
3083 0.00111681
3561 0.00111182
1025 0.00110681
5122 0.00109926
2957 0.00109365
3536 0.00107985
3116 0.00107937
2575 0.00107582
2642 0.00105805
921 0.00104752
5021 0.00104552
298 0.00104187
1854 0.00103942
3896 0.00103714
2650 0.00103683
4109 0.00103471
281 0.00101428
4599 0.00101016
1030 0.00100899
4686 0.00100828
7698 0.00100533
4535 0.00100454
2870 0.00100408
2745 0.00100391
3442 0.00100284
3754 0.00100158
1384 0.000999724
3567 0.000992463
5458 0.000990494
5542 0.000990011
4399 0.000984419
2484 0.000971556
1632 0.000959838
7889 0.000957071
3975 0.000955898
4255 0.000954607
1725 0.00094023
3237 0.000934862
2322 0.000931163
6783 0.000926776
3033 0.000923846
